8.909116016442732189e+01
1.003874515995614303e+01
1.036334958377875992e+01
4.531762221401202595e+01
9.363150644199211570e+01
1.328428702128585428e+02
4.306755634082494311e+01
4.343985624751866226e+01
2.072975894704069333e+01
5.518580278838394548e+01
5.524742832539051740e+00
1.810386095774650173e+01
1.095741350867154580e+02
6.727730986537274305e+01
6.741936780767504445e+01
2.777645105408037196e+01
3.521276583683044947e+01
1.489980627249320833e+02
1.112661631360066536e+02
6.938098217058048078e+01
7.944153369933744102e+01
6.501118579646799844e+01
3.355111378565962355e+01
5.503667932093098614e+01
1.620770110997519708e+01
6.463592006414346258e+01
1.573211045448092271e+01
8.915344780364746669e+01
7.017390142864812219e+01
3.198240924966169629e+01
1.758754383563697621e+00
3.689852654932825970e+01
2.482172573161224349e+01
4.166574247606676096e+01
9.140878660310528403e+01
3.404863142661094599e+01
2.690041732492471027e+01
4.535140030593836968e+01
2.499686240076217203e+01
3.017850919215640104e+01
1.106005684728256568e+02
1.719992514351272561e+01
1.241372637120138478e+02
3.275153300196868145e+01
3.680913531109537473e+01
6.579048520875967654e+01
2.335385958884146618e+01
7.372683877440067590e+01
1.574578660213042269e+01
5.931970890445125377e+01
2.349900383023154760e+01
8.571470172875670812e+00
1.277791943618324666e+01
1.812521117059378994e+01
1.478934378414258610e+01
1.980772510003380660e+02
2.072475770241436521e+01
2.960673359001102156e+01
3.645769796981974054e+01
3.993062242421503871e+00
6.724230290493662210e+01
1.938687311685095782e+00
3.085921113010504158e+01
7.607419459316066934e+01
9.605083538600550241e+01
3.192200952422402693e+01
4.023731158717254885e+01
4.554168569317673843e+01
7.301288173696639205e+01
5.260686089462255666e+01
5.886772552417671278e+01
5.319489628733799691e+01
4.561839169820310502e+01
5.048194535628637425e+01
4.613116203372675272e+01
1.994130096708069999e+01
6.275107260397172126e+01
4.906343084907715735e+01
2.650912605178621817e+01
2.783712396580612491e+01
7.060602712033264083e+01
1.261417802027846591e+02
3.597383886430665711e+01
1.490938237762888363e+01
3.003903596082317762e+01
5.329496060887476716e+01
2.900183434391967907e+01
4.429540006364295834e+01
6.447846510713709733e+01
1.136270145213167382e+02
4.018586665680043524e+01
6.646196620122081811e+01
4.133004977038479666e+01
2.141955489312713823e+01
7.429484731517206342e+01
5.781148222131587033e+01
2.931573238897207290e+01
3.737931766884815943e+01
6.439448798289906506e+01
6.701273783154054797e+01
2.658098682171769056e+01
3.061894565898543519e+01
4.804772252396573862e+01
5.407068832921965651e+01
7.286845545481190456e+00
4.766651793902394019e+01
7.592942080974352415e+00
7.199367847396848319e+00
3.819615153250255446e+01
3.685416844457363084e+01
6.637928871465581970e+00
3.943501850401826214e+00
2.804490584195301395e+01
4.752511721932485500e+01
7.308937063053360816e+01
1.809381050699967375e+01
2.164723184336320827e+01
6.761175499938184430e+01
1.107321492181203304e+01
9.552459076724070997e+01
9.380923132878659487e+01
5.296562400489676037e+01
9.083444724049991237e+01
2.271042994567602591e+01
2.507356954486128942e+01
5.300309332649159444e+01
1.455106253104985115e+01
8.268699742023216004e+00
8.708370434376996982e+00
1.291139003396032336e+01
8.756797242635846601e+01
1.035839577277379817e+02
7.014165414145490551e+00
3.774088198955221429e+01
3.013565181218835320e+01
7.270346005714007731e+01
8.354886586850159347e+01
7.979437774945188266e+01
6.008394540926591532e+01
1.040681377765467275e+01
3.878286117682662848e+01
3.240185094330696813e+01
6.026520090972022814e+01
1.864903934917924389e+01
5.405291299646688685e+01
3.687203910502762483e+01
3.247274219412177132e+01
1.118374434313709642e+01
3.449514886892295351e+01
9.038213715819412641e+01
3.677961054118964057e+01
5.434403520876999494e+01
6.662151268070255128e+01
5.541532975730103061e+01
5.313777307997410304e+01
3.421808038197968926e+01
5.004690427261834174e+01
3.590234786687291546e+01
2.932452212912879475e+01
7.892884707677167455e+01
1.661904885722693948e+01
3.052342039235043458e+01
1.318252138812129814e+01
2.335175503317181267e+01
1.580444959965501894e+01
7.127370261010759656e+00
8.128166960099294158e+01
7.108139666961842806e+01
8.095890999877721583e+01
3.452036305713300379e+01
3.111453058751308731e+01
2.486592367177087581e+01
3.986632388654856385e+01
4.130243341185040862e+01
4.009763309711583190e+01
1.840871094330138291e+01
2.033615188698126275e+01
3.501799171294946689e+01
4.807775718894257722e+01
1.227237876762077917e+02
2.309999888927523060e+01
4.436266182175791606e+00
4.448236830795935504e+01
7.268944286784689268e+01
7.782707033768285498e+01
3.520188085289618130e+01
1.836861526368185480e+02
4.871080144187476435e+01
6.812022288674525861e+00
4.586491545877895959e+01
4.669715713437894777e+01
1.020947617693153120e+02
5.459809800574721805e+01
8.086420535551059885e+00
4.833996146203548250e+01
1.011216901785101641e+01
1.996630958077657425e+01
1.969531911541061575e+01
3.882707590762465344e+01
6.032101291022303258e+01
1.382789766339641169e+01
7.750330589501814416e+01
1.259450792377111306e+01
2.381432802168476925e+01
5.433821534577369050e+01
8.905676021173790957e+01
5.356663810560498007e+01
2.067270642730885655e+01
8.381441949339659914e+01
1.047826442617849239e+02
3.351392404062725916e+01
3.624920373427921305e+01
2.690902106416403683e+01
3.157181457730317931e+01
4.666288417821164813e+01
2.863407288583869459e+01
7.600260529428139122e+00
2.798256072839955522e+01
8.101083101579682477e+00
4.217130602514426840e+01
3.262695011207308937e+01
1.638187269252318146e+01
1.375589265055617183e+01
7.830634081254770251e+01
2.686421564834299147e+01
5.171392025674395398e+01
6.679125022341452222e+01
9.001754548575607373e+01
2.301214728732492176e+01
2.403225027450957896e+01
1.492295273265515831e+01
1.059725838598788812e+02
3.392969732842756514e+01
3.000734811414569947e+01
3.332579754343868927e+01
7.880918713562216738e+01
4.575546333172501079e+01
4.981635765188761411e+01
5.947758781562592745e+00
4.075120795302881760e+01
5.995369658174913496e+01
2.295135431224022682e+01
1.237101682588026108e+01
3.568617515786278460e+01
3.703008501852355749e+01
3.880732588300458730e+01
4.633548929040656361e+01
9.744546955194362425e+00
6.497940036908633488e+01
1.425275696755216792e+01
3.797079538216809169e+01
1.482377641862730044e+01
1.005284064175447298e+02
8.902220228448804562e+01
3.590020589006451246e+01
5.901701274214923387e+01
3.215587999268526431e+01
8.257597213531387581e+01
5.331385278933692717e+01
1.123932785999086015e+01
1.267712131892802176e+02
4.715216831014051735e+01
7.288457799903358136e+01
5.634060774052088050e+01
9.048137793633419079e+00
1.382924326428392980e+01
3.111953107742453994e+01
1.387804628867602617e+02
8.878237755137763543e+01
6.568294856223469935e+01
3.937857994923069072e+01
3.368894269605812841e+00
2.238427083850291766e+01
1.524416621596864019e+01
1.200427496662360483e+01
3.918806444599808714e+01
5.571162968572993179e+01
6.280690009185494915e+01
5.737921012035722157e+01
4.477382694384088779e+01
3.300413201713140410e+01
3.995566905703213934e+01
4.905590099959159289e+01
3.524600285368153862e+01
1.239177358434560432e+02
3.605973451197371560e+01
1.014338228596952796e+01
3.450914949551307842e+01
2.861141102220745580e+01
3.574704818024259367e+01
4.382385089777881859e+01
5.175102880152481788e+01
4.365349825013657892e+01
9.719911966273292592e+01
6.835943974422288250e+01
3.219193381695778555e+01
1.039170772445821171e+02
1.098307708060489034e+02
1.004366977571388304e+02
1.625231616580863303e+01
4.331702745323364212e+01
7.984395510116969774e+01
3.402895897599727704e+01
2.771782375097284401e+01
4.099221875339477350e+01
3.076911543929508142e+01
3.285551217893137022e+01
2.234815438770667484e+01
5.807999501032620060e+01
5.167957376232552491e+01
3.592856500675024733e+01
6.243455609697583952e+00
3.223304315324558189e+01
4.043367701422637595e+01
7.439271792663349459e+01
1.389771867812898734e+02
5.861442804232702031e+01
2.734219970388219423e+01
7.837193401224997302e+00
3.885540813982387931e+01
6.521250908039272076e+01
4.013640900469629003e+01
7.551698906690798196e+01
3.889828115832126088e+01
5.656632638276525959e+00
9.088339757732921953e+01
5.082680112795436145e+01
4.102730193320486052e+01
5.551817918734361257e+01
4.079182329165076482e+01
4.701720081896917947e+01
3.536225567661915647e+01
4.096485156473528377e+01
4.528884995468174424e+01
6.625802406973538439e+01
3.103614064610239609e+01
5.226762546504613027e+01
5.499255371632366973e+01
1.309497041263992969e+02
1.342859628318600471e+02
3.769359528975832774e+01
1.161460111207852997e+01
4.735842540743841589e+00
4.317763388120741297e+01
1.097651364251936741e+02
5.009005433235829940e+01
1.572608406598235753e+01
6.395473153590899296e-01
1.379139862795604543e+01
2.846930855336944077e+01
2.569034776117530328e+01
5.241323478413092118e+01
9.069038376883460728e+01
3.694692637051809214e+01
6.178041885238020825e+01
3.234476374753027983e+01
3.727538119640720282e+01
1.497664972722977268e+02
3.538145577399905051e+01
1.008327808467802100e+02
2.110426399768421035e+01
8.367252201333688788e+01
1.604454034135330431e+01
4.498248042796632973e+01
1.132980227713356243e+02
4.102701390542371485e+01
1.065819979123903352e+02
2.116784737486204904e+01
1.807110314755095715e+01
3.697545163514062949e+01
3.463453192831794780e+01
4.924756371580335923e+01
3.070535091179945297e+01
4.909105598364937606e+01
1.974866362960905164e+01
4.013012423491886693e+01
3.165244181393295264e+01
1.703315336528053479e+02
8.801314162226741189e+01
7.208441354867247242e+01
2.350510964703799388e+01
2.296534175836540825e+01
5.444919045369406518e+01
1.472100154512395136e+02
4.780649845811117871e+01
4.029634785249702844e+01
4.421483378126543329e+01
1.472998607987501707e+01
1.139132798108180396e+02
3.211433114080681772e+00
1.134517107288131399e+01
2.876918543821547658e+01
3.372866348034324346e+01
7.736187472052311875e+01
1.504684854662873761e+01
6.674442506298187539e+01
5.370283882756917393e+01
5.246662776908346615e+01
4.185891305830564590e+01
1.991876955959120821e+01
4.206250792210718181e+00
6.135401372573314660e+01
1.023056287483444322e+02
4.123159871429787415e+01
3.754110502217458389e+01
8.089990698576939865e-01
2.505843330018812409e+01
1.505887440009052796e+02
2.806289331582247470e+01
5.405876035790554823e+01
3.203817574595591822e+01
4.371904364476057481e+01
8.040553918221998231e+01
3.467383134237388020e+01
2.866494466321519852e+01
3.439779999012036882e+01
1.209941388028408937e+01
7.615893065060846823e+01
7.493135150743122530e+00
1.033530916024230351e+02
3.442414602301606230e+00
3.023991060995223634e+01
9.244265979947009271e+00
1.627731933464518193e+02
1.792556193597258130e+01
1.685275660432058231e+01
2.233090072847326013e+01
7.395914477124799191e+01
4.597325403481668360e+01
3.651396772021986692e+01
1.705400612914754888e+01
7.833852916380200782e+01
1.451408201983516655e+01
5.057040266624459690e+01
2.957490876831192850e+01
2.967002348679460155e+01
5.258919127552367456e+01
2.604692370763532594e+01
2.043834668412852551e+01
9.458759947813040014e+01
7.198255380893932909e+01
3.532543117095762852e+01
3.779689751975899270e+01
2.676281655812231719e+01
2.611122786197491763e+01
3.252632297106776349e+01
7.940064279874537334e+00
4.371236762402678266e+01
6.876994192947756801e+01
5.819268093850357815e+00
3.234013873261220340e+01
2.553416754733066441e+01
3.257562490515228859e+01
1.923601155811009766e+00
3.506195811729330103e+01
2.935704654249656542e+01
2.001854056034686380e+01
1.248709661246240330e+02
4.261549795891117753e+01
5.010239433169149237e+01
4.202398268458385644e+01
1.327498248444904227e+01
3.773288229819141293e+01
2.021811367743332255e+01
3.588943522438497524e+01
8.075856502437015649e+01
1.391481910235970076e+02
6.759354991153784020e+00
9.730317942239344875e-01
2.677902559059792509e+01
1.479306177353593554e+01
2.579374388252021078e+01
1.725870057072495856e+00
4.364482078098874673e+00
2.476617852504652362e+01
4.674246927881380742e+01
2.018545672403755731e+01
2.620957558205224558e+01
6.621677081980703861e+01
3.134003499507203827e+01
8.359390482034778813e+01
1.024649762813636933e+01
5.150421453309159858e+01
4.542111460505152465e+00
1.196015872555165060e+02
2.121746901852846179e+01
7.824854783038782102e+01
2.091620310164809027e+01
4.216993644957331355e+01
1.132784674719964180e+01
6.791925542276408123e+01
1.685517983314552382e+01
5.259069689064463660e+01
7.634840475320089581e+00
8.458255167981749878e+01
1.655245362552115296e+02
2.597403772441720804e+01
4.619684688565587294e+01
8.861577494217131701e+00
5.870482629996450896e+01
1.685626316781490530e+01
2.791375640127853686e+01
3.999092933720188370e+01
3.603931059431041461e+01
9.241038851830253975e+00
2.967826396603942030e+01
8.457561779395591373e+01
5.671109879650567365e+01
9.649555920679293308e+01
5.165645036403213908e+01
1.386872661041829957e+01
6.555032695237480667e+00
3.989057232391323993e+01
2.616549974919135835e+01
2.237715101448154371e+02
4.921789818818429296e+01
4.959708204955995825e+01
3.596227132129624948e+01
7.600929947262939379e+01
1.224350771010936612e+01
7.203155276935255813e+01
7.284489616573041815e+01
3.194400048722201291e+01
2.357367039629335181e+01
6.210772502427991526e+01
1.150270733003761734e+02
1.004236883240673563e+02
1.267804439811118300e+02
8.230315053756221744e+01
1.135191463894312704e+02
1.503861606230148880e+02
5.070037462726054400e+01
1.406799854984063245e+02
5.672728351525460511e+01
5.423031213108984616e+01
1.149818226333333193e+01
1.408023045445595400e+01
2.604254802361076315e+00
4.906372802359537388e+01
1.163665430300890868e+01
1.445919688520035962e+01
2.688508084641765805e+01
2.034909742150103185e+01
4.410237071344303672e+01
7.719826896885142453e+00
3.869902344724249588e+01
8.781196351306400061e+01
9.307488522423226129e+01
8.486412261581513405e+01
2.228637948722797191e+01
1.017920957473400634e+01
5.273796659012641896e+01
7.330072055478439097e+01
3.178702603811114713e+01
1.398265174791173138e+02
6.013543442024798225e+01
1.486473699461014597e+01
1.191092484707447063e+01
3.922066319696004655e+01
1.492536904464942893e+02
5.226575645746361687e+01
3.153937977466140907e+01
5.691772539044881540e+01
6.879333288328027152e+01
4.290720229662152008e+01
6.414118859746182011e+01
2.988785165586879344e+01
9.910804905207936599e+01
5.314116139577021158e+01
1.015901518494932887e+01
1.987290351983005365e+01
3.329024215346100135e+01
4.737738589225055819e+01
6.276586333207772128e+01
3.721866387245611207e+01
4.818538701132239055e+01
5.796561227439067920e+01
5.308296329386107715e+01
6.733821867885616541e+01
7.368884719873028644e+01
2.699549627029645293e+01
4.163715117793244502e+01
1.028092040116153498e+02
1.237652293039562501e+01
7.321174658886158149e+00
9.032246139267540741e+01
3.034542379585386485e+01
8.105012821729846451e+01
4.558638624100557024e+01
5.741502670871363989e+01
7.593873419855448503e+01
2.669098803113590535e+01
1.953865424875289136e+01
5.420000425502620800e+01
7.609742649629628097e+00
2.800331362697295390e+01
1.156440234521016563e+01
3.556061749076391010e+01
5.307448174078951553e+01
8.035014725744313857e-01
4.173889388820759905e+01
3.116570683970290645e+01
9.056751954659408455e+01
8.817465359404681635e+01
5.571221370118853145e+01
1.079283431632101831e+01
6.415415367095098986e+01
4.765037403720058506e+01
9.208840711623368236e+01
3.457356597504806217e+01
5.593244897723981524e+01
2.887543387386060445e+01
6.238679573035371817e+01
5.386387915902780321e+01
5.388195062279476133e+01
8.308172654116738443e+00
3.865582874752559661e+01
6.502674597047791849e+01
6.938048405862380719e+01
2.732487082095858355e+01
5.988571119732194470e-01
2.852377765687382905e+01
9.873283774795820023e+01
5.713163452630452355e+01
7.253279509441776440e+01
8.759696261710415399e+01
9.473703663457159863e+00
4.487067859803770986e+00
1.379246188824398622e+01
1.252161689086955647e+02
4.150848758740134059e+01
2.908276450944109826e+01
1.371969562109440233e+01
4.304108656837736646e+01
3.743134909515696052e+01
5.659913686732090099e+01
2.241699601367312411e+01
4.704803938376808503e+01
2.035839078753568288e+01
1.031766769425101700e+02
2.017269008346263348e+01
1.378585621133350401e+02
1.240057220004736678e+02
5.974437162975065441e+00
5.419533350515686010e+01
1.154555064149303512e+01
1.803302681355437471e+02
1.097551843161438789e+01
6.532831451861390804e+01
2.175540599023077348e+01
8.843900993600756522e+01
2.003102021771215036e+01
3.810854948197174252e+01
2.212551993448857601e+01
1.777087478017214650e+01
1.138511307940254085e+02
2.167143888793410156e+01
1.011294475044956798e+01
1.065201615287359616e+01
1.096629309653738034e+02
2.726895227374623332e+01
5.661453071504382706e+01
6.963899569177988269e+01
2.996598221855813904e+01
2.172059240309211958e+01
6.627264550223324946e+00
1.413357110456963106e+01
2.019047211392506114e+01
1.353911877844157061e+02
1.855756366133611124e+01
2.776317013780948528e+01
3.512455876287764056e+01
7.302504781952744395e+01
4.237991821187902275e+01
5.263433111817710675e+00
3.737957799346678911e+01
3.677847100913520251e+01
4.220381008764249486e+01
3.911803762811351248e+01
5.604455267710041966e+01
1.182921250617233433e+01
2.243978624453310999e+01
7.965886865864297839e+00
3.195467327237877342e+01
4.836180384825747325e+01
1.061175764866248841e+02
4.665201162182003713e+01
9.188434899102441022e+01
2.102039317998481494e+01
3.058796254753206156e+00
8.615179617658289146e+01
9.584001500194879952e+00
5.164042859191221879e+01
4.807054061812396384e+01
7.006242607685051382e+01
2.374774692839052648e+01
2.228494422922069518e+01
7.325477615532383879e+01
4.044897898364115463e+01
3.377623750554281656e+01
1.432760341491464473e+01
6.142029435266097792e+00
8.316478810237821051e+01
3.152401433589712099e+01
7.065445999669739763e+01
7.874736623591158491e+01
1.953829782771979140e+01
5.537334769196628059e+01
6.586495815571699097e+01
2.960587774537349404e+01
5.633776364243313139e+01
1.130207930635247138e+01
3.166930880662440728e+01
4.709386736763299552e+00
7.123735853014899533e+01
6.683571122974427681e+00
8.281199337598083332e+01
3.561615503442586572e+01
2.018094450593862987e+01
9.816457845894332479e+01
1.025820290155834584e+02
7.620381300002479819e+00
1.743552417015204625e+01
7.785228866618182053e+01
6.886173662225633052e+01
4.617637759456257385e+01
1.076431135122419533e+02
2.096740919484123822e+01
1.062215904433912605e+01
8.602335505232394652e-01
5.373800703360518582e+01
2.004133027846410542e+01
8.798773097291878287e+01
9.871075389523520016e+01
7.466745665018413547e+01
5.834413488268512360e+00
2.138855470304770989e+01
5.358408440111354309e+01
1.944499219757742203e+00
6.316491316321796745e+01
6.851669070809756512e+00
9.396344456691488745e+01
5.428167371365113070e+00
5.372001309769562027e+01
7.482310064980252307e+00
3.790315698761204999e+01
1.501370478964936694e+01
4.400816217642490358e+01
6.140055617039283931e+01
4.285511863434174273e+01
1.846504237329180143e+01
5.601639294741293185e+01
1.378455150671988250e+01
3.371638923920717446e+01
3.946009088831122114e+01
7.573304393317609140e+01
3.648786556463263508e+01
2.935998464168987709e+01
3.788631820290876107e+01
1.677427643266486612e+01
1.083940831134993772e+02
7.640639690848365717e+01
6.479637613918194461e+01
4.025466042193282590e+01
6.519474992491281817e+00
1.018503933269840189e+02
5.854439214278531978e+01
3.171706845200579039e+01
1.000729206003305016e+01
2.696043729439116277e+01
3.420404733010762754e+01
9.128283206604530164e+01
1.391168619428498054e+01
1.464105301840652684e+00
2.374393710890840126e+01
5.382453844481805305e+01
6.246114677709562812e+01
6.121601062086995171e+00
6.124991468311826992e+01
4.218249800171216179e+01
1.157972622336155268e+02
1.013361519725314821e+02
5.709482469207222977e+01
1.041063132894966543e+02
7.973426348597719482e+01
2.115728161418696729e+01
7.720786536970373959e+01
3.018350198261331840e+01
1.509687073448430183e+01
6.307757549213830828e+01
4.253973219356783630e+01
1.697300554564601782e+01
4.742968064271408934e+00
7.471351155811480282e+01
4.512212642283597575e+01
3.804719221888019831e+01
9.293613325315811835e+01
5.026929417764901586e+01
8.356026545593208255e+01
2.838313263780764473e+01
1.256634817080200719e+02
4.710773459697835364e+01
9.984262660993142191e+00
1.629336258014157934e+01
9.950483099902132089e-01
1.663298345217164353e+01
5.966407193546916687e+01
1.004604098625469391e+02
5.170515676994966014e+01
6.496364688322274539e+00
4.144549692746640090e+01
1.721456389407931775e+00
4.015204875874650980e+01
8.413065589059556260e+01
2.227083163132738619e+01
3.476677382947864459e+01
1.967097139055690320e+02
6.644094736308419158e+01
3.873265992578033234e+01
2.444878160525503930e+01
2.363879321090230334e+01
2.320757968120051373e+01
2.870212433190683754e+01
1.121180728218715359e+02
3.921733593831343256e+01
1.194662717252658268e+01
4.386890973695790308e+01
3.153316524295235013e+01
1.136795820792464298e+02
4.662922574192679548e+01
8.431476806130248747e+00
5.646385378212740136e+01
3.251680586679890439e+01
5.843370440556910950e+01
2.357223278168410019e+01
3.367411430542210127e+01
3.606023723165797179e+01
5.710579052007993539e+01
1.072899714343764259e+02
1.352370925511694963e+02
4.469929599995433733e+01
1.655435798301490280e+01
5.645393624175234493e+01
3.631899746821806474e+01
7.837642228738074834e+01
2.717141562635330843e+01
2.414895649552559309e+00
6.154115952739991968e+01
1.772319916551196073e+01
1.635299053573265837e+02
3.290292090129118208e+01
2.261818408795278401e+01
2.465252120747734565e+01
5.943679223405078460e+01
9.484699502573998586e+01
5.518601355847312817e+01
3.956288741499756156e+01
5.902653988909498395e+01
1.223362525621327848e+02
7.958811970380260448e+00
8.729216457217597736e+01
4.725293928197132942e+01
2.448307337720072496e+01
2.835921862846733177e+01
6.740115749496603748e+00
6.609380625723876790e+01
1.968703150210545871e+01
1.071419515060857321e+02
3.200183522526959479e+01
5.185680238220916749e+01
1.553492333694008920e+01
1.029040154893548618e+02
6.046416819870907489e+01
3.634138153944909533e+01
2.786265730446612920e+01
3.349306447662464592e+01
7.211370117113359868e+01
4.234340042973661156e+01
4.024299942403278862e+01
1.451892732968889099e+01
2.789713405152197367e+01
3.286075787626915456e+01
9.428795016657304018e+01
1.948914679880831713e+01
1.906205907400674349e+01
5.066051489612569902e+00
4.253377306324031792e+01
5.683985414854956986e+01
8.779287402763948478e+00
3.821074229590218607e+01
1.816168679372526640e+01
2.970719371501323280e+01
3.444920948001885819e+01
4.988754853617128049e+01
1.961780695745285286e+01
9.739942727806365497e+01
1.483359813005023575e+01
1.165037556673022578e+02
3.198265086093820386e+01
2.823228186931874362e+01
3.516005303689816941e+01
1.358533388144161513e+01
2.109274740012108040e+01
5.264542067947605375e+01
8.395465547594616496e+00
1.353195980823773148e+01
2.696812744312092747e+01
6.694167335279582076e+00
4.953111550912771577e+01
1.931093344345077512e+01
6.860202433654555421e+01
1.582094333936824171e+02
3.880596356548277726e+01
2.202761236128872468e+01
1.293301144815113979e+01
3.205753934596540944e+01
4.863968836634779791e+01
3.249355181206082221e+01
5.090876469736067378e+01
6.610193934209779343e+01
1.251602668098694693e+01
5.929175674799655127e+01
1.585115672273733267e+01
1.312556416061556952e+01
1.200061339338433619e+01
4.043430517958479697e+01
4.757251095074562386e+01
9.427074492638242020e+01
3.007389787294069095e+01
1.440821418061021753e+01
1.584768575142184233e+01
3.957383572892770873e-01
2.981419878622892838e+01
5.341461850388341048e+01
2.671731201380422505e+01
1.606492600371733559e+01
6.691293291730826809e+01
4.425240977509260887e+01
3.045308057461521756e+01
3.089317305926585711e+00
3.664739838791671644e+01
1.576998041092068448e+01
1.100273897217380181e+01
1.638721433289146319e+02
7.582792686358784806e+01
5.711129388821484554e+01
8.810737802750153946e+01
8.781833621767019338e+01
4.963722940863150512e+01
1.564687228366291265e+02
1.474823956145361414e+01
5.723307205433997069e+01
1.556227576659308554e+01
2.886647334816699129e+01
7.867385356963771414e+01
3.230628939640961050e+01
1.775035160853196814e+01
9.165158275789866593e+01
1.063711715084045473e+01
7.794557278120563204e+00
1.101420352984640694e+01
1.303083803747592810e+02
2.342139131825423704e+01
8.711847775494052826e+01
2.681415805984685985e+00
2.172878311515455962e+01
5.212788167637060610e+01
4.361796921394228121e+01
1.663193905986219363e+02
2.615047224717098828e+01
8.848530490247436830e+01
1.648122131230243070e+01
3.971291609687138902e+01
7.459349894041206142e+01
7.923229693319812306e+00
1.819962177456026708e+01
1.747511052509119622e+01
2.241547625273768674e+01
6.965741742589824526e+01
2.629783046220584097e+01
2.016190731028827443e+01
1.840238641246454065e+01
4.657356617468255422e+01
3.360020572283684892e+00
8.610926720356189890e+01
7.894078872040564931e+01
6.365852148927062615e+01
2.962861041802747231e+00
3.670558058680291946e+00
8.151716319355523410e+01
3.509043639673662085e+01
3.491867996790075779e+01
8.208587879091833628e+00
9.867020864782604761e+00
1.416913648050692487e+01
1.372244922607630890e+01
4.586779784210963840e+01
2.203364802561019360e+02
7.357967243178399031e+01
7.852312435975593985e+01
9.171509979760071474e+01
2.473976939927264418e+00
1.336327336874697096e+02
7.204842194994064641e+00
2.158440844419031279e+01
1.342845281703334059e+01
3.157031856399727232e+01
2.792669417915069729e+01
4.187083340748645099e+01
2.939817597582945297e+01
7.375585642487108373e+01
9.081288704946153700e+00
2.463715970719457005e+01
5.042499463093869139e+01
6.522471178219359622e+00
1.804969060951035331e+01
6.693828927628904069e+01
9.911001863735787509e+00
5.305203647440470682e+00
4.054949841153255363e+01
5.606263252420284005e+01
3.444530542253734495e+01
4.860124806845210088e+01
3.471844637477511952e+01
7.033780149773629375e+01
2.785389908674827808e+01
2.400632148079126438e+01
1.467492228638629967e+02
2.502096049579035864e+01
3.615167866718650913e+01
1.427415679752279409e+01
4.583797149121823011e+00
3.551439554850943381e+01
5.451218816761241470e+01
3.009183180083541131e+01
5.726403466121286812e+01
1.969428263833036112e+02
7.237160605460788432e+00
1.918379044147064283e+00
4.164858180812859700e+01
2.856008601459356555e+01
4.976182723707810851e+01
7.907465708279025840e+00
4.315739624504897165e+01
3.127198589961749065e+01
2.240252196627753634e+01
2.859448048509053208e+01
2.167111920634418709e+01
2.210092246061950760e+01
6.113270971489043148e+01
1.473440942829742539e+01
7.316982531880684348e+01
1.738173775906864904e+01
2.798075515539437674e+01
3.698182449609159761e+01
3.886401110244040069e+01
1.792400100253655637e+01
2.079129014177968315e+02
4.079395405350652482e+01
6.359166451172983869e+01
5.349575055264565293e+01
7.976313634612772319e+01
2.774078434209234700e+01
3.085931889485404866e+01
3.029187467001872136e+01
2.264201001322239506e+02
5.188566756213904796e+01
1.571095130477473845e+02
7.912841026027402336e+01
1.075872996602522704e+02
1.847403474590689498e+01
4.420869927163553115e+01
5.031193681195897227e+01
3.826318860970454239e+01
8.583490627020445629e+01
3.711375141747224049e+00
2.465564900791111569e+01
4.813836435460638086e+01
2.061141659471493170e+01
1.116512511288855620e+02
8.472132325386000673e+01
1.613746887596037993e+01
3.545686348696391832e+01
3.092594336491283258e+01
1.077286062206421775e+02
2.754100970482454258e+01
6.799990144739170717e+01
2.174668072167474708e+00
5.124050690701051280e+01
4.960018156242385601e+01
1.468879122094110734e+01
7.818834120133618626e+01
6.842970743751047635e+00
8.446619534017099085e+00
1.532396399420512694e+02
6.463807818667081051e+01
9.866661174438895898e+01
6.682927804653918713e+01
2.449846503049537461e+01
5.715406266640400190e+01
2.705490416577371349e+01
4.710833483811258304e+01
1.267541055186466536e+01
4.413274652046059998e+01
8.801851821675002441e+01
1.267891736320532914e+02
1.320558823656398140e+01
2.164722355305333412e+00
4.156772361221089795e+01
3.094148151862959395e+01
1.363021229475682539e+01
2.563560965883058884e+01
5.645877248324838149e+01
4.818849665467979548e+01
1.445218555497754380e+02
4.997878004027302268e+01
4.195176758955767582e+01
1.014289232115159400e+01
4.483650155260345826e+01
3.638573898035016185e+01
1.043155248574670679e+01
8.235452576585602458e+01
1.559370340638811570e+02
1.241204242487075078e+02
1.049734462787935314e+02
4.278030537869163652e+01
6.994303585995903916e+01
4.540750029161733181e+01
2.948277562234115745e+00
2.829774724713500333e+01
5.319584996456947579e+01
8.659166932894930824e+01
8.615675061974370408e+01
6.538653075998347219e+00
4.252819365973935817e+01
7.860097576003418851e+01
1.269849609466410527e+02
7.503346503760499786e+01
1.093899637301490202e+01
1.144150924111470857e+02
1.133407336298632515e+02
7.986171601429076894e+00
5.825963112977298408e+01
1.183695723237260893e+02
4.119502781381105905e+01
1.617188998302550473e+01
6.131577038595682438e+01
1.121886506741768272e+02
2.329194108172083233e+01
4.515298120340565191e+01
1.175209670073597223e+01
3.536685828957852351e+01
3.260821235433635223e+01
1.368935552345180895e+02
4.431431719771808275e+01
8.344698429418842878e+00
5.827099722300577156e+00
4.075223301834815004e+01
2.890716345966941248e+01
3.667818277725285014e+01
1.351924874594524262e+01
4.488113502702464075e+01
8.314769576204089674e+01
2.796814243799238753e+01
7.073299631261114939e+01
1.576926097515875114e+01
3.968224718509328852e+01
4.860197543152400357e+01
1.123908809906532724e+02
1.898265354478290590e+01
3.123927538432206674e+01
3.012870530950750592e+01
1.200411604433131885e+02
2.394519886421124966e+01
2.921876958027162985e+01
2.176180458920028116e+01
2.400521658890398768e+01
5.952542639173744021e+01
2.352458964617629533e+01
7.896580514925611283e+01
5.096448051811935898e+01
1.427475512411579395e+01
1.429621157055349023e+01
2.119816167368010440e+01
2.733923329319856776e+01
7.270317194439930120e+01
7.222498772483210416e+01
4.708358297490782718e+01
5.843799640784740745e+01
2.333305604421718726e+01
8.255660239934954348e-01
1.906157356047504337e+01
1.212731113708499642e+01
5.417905383265799912e+01
2.101895971353467019e+01
2.774389745374986305e+01
5.236125392764964914e+01
4.454643753526922723e+01
6.942906168709019710e+01
4.242845453426633640e+01
3.365717131247287597e+01
3.250938731844442486e+01
4.664577231433258220e+01
1.771490051381959319e+01
4.907972063330667822e+00
1.097965124756501254e+01
4.162578282102592908e+01
1.242640164438014665e+02
5.703960486574272437e+01
9.230846042153313391e+00
3.037354229737810485e+01
1.345721839945620113e+00
9.200010729397726905e+00
4.017414753990043152e+01
4.752829584328073786e-01
8.085762768064471118e+01
4.675488067811709669e+01
6.883141040863887383e+01
1.575624664685134491e+01
6.302358261482756774e+01
1.280285395661680639e+02
7.042071066735380747e+00
3.164442731963069377e+01
1.957297012984902196e+01
1.442909630926696529e+01
1.360689086458631039e+02
1.569166727268377493e+01
5.576619723974886256e+01
1.946526837205537319e+01
3.458039493937086917e+01
1.656754932174717396e+02
5.325856084932503620e+01
3.882062120579237163e-01
6.910822146466943039e+00
5.666638261792371623e+01
4.421550016221282675e+01
7.008595288206961316e-01
5.365545323774876607e+01
1.271973953164914519e+02
1.994487177233479258e+01
5.026796928928573749e+01
1.955467712398075264e+01
3.134991749196952426e+01
1.919409604439393746e+01
1.739042667898094052e+01
3.966020494068077085e+01
2.312483027333410845e+01
4.015901903629429626e+01
3.424876707412953891e+01
1.313315078570542198e+02
4.780063018529043717e+01
4.471006383678231089e+01
2.648448925240186469e+01
7.132182006251440498e+01
5.375156810384638817e+01
2.245977356083849230e+01
1.334033433164349347e+01
2.736237324071749910e+01
6.721692574862130343e+00
1.301481064835216728e+01
1.081828519736544614e+01
3.029406766857878353e+01
8.052025566764118736e+00
4.439141063757505279e+00
8.081332383290531141e+01
4.871078894481988897e+01
5.582625374911589944e+01
2.406498028778381837e+01
6.345289577289965877e+01
4.024142790187979557e+01
1.402134889561206954e+01
7.656749350831931622e+01
5.358160707936343670e+01
1.913362043646725397e+01
3.073351710831371708e+00
2.642952406922476527e+01
2.017056396523297579e+01
4.873717666460853337e+01
2.619742427036995114e+00
5.976636504853186871e+00
6.091348072318579199e+01
4.815777366955155259e+01
1.594887503292300446e+00
1.826222318508528986e+01
8.228047695074454282e+01
1.573329595371638767e+01
3.047409767074105247e+01
1.379272748382416864e+02
2.813930412839988193e+01
1.178043633542794133e+01
1.632734745489325690e+01
8.341319067069645143e+01
4.310732511146250090e+01
3.417210185435782677e+01
1.060146880626645896e+02
2.181996288708724663e+01
4.086658774143815265e+01
3.443492595265686163e+01
4.191558425505967733e+01
9.231295722332885134e+01
4.178512675038428625e+01
4.125330368173830209e+01
7.542575345244000573e+01
5.595258768113519920e+01
7.030810250550922014e+00
6.222302898211292899e+01
1.546852894580811011e+01
3.956395260015609239e+01
1.966761883992731441e+02
6.544182957129077494e+00
2.523525660646326330e+01
8.000075141087100405e+01
2.814628573130752542e+01
1.772327440882338223e+01
3.294742981120145231e+01
6.318546156879055076e+01
6.591378865278932153e+01
1.263780536900339655e+02
5.366974393495440410e+01
5.895494695712002908e+01
2.780807086186962707e+01
5.786890563382326746e+01
2.265801228020685798e+01
1.061412046444950263e+01
5.997949441713770113e+01
7.655436460265296716e+01
1.549960919221513578e+01
3.513523731455286736e+01
9.690489116202401476e+01
6.001887258428276084e+01
1.035131328677326223e+02
1.604208055822116563e+01
1.652992311046065055e+01
5.652416890715522868e+01
4.332870438578409278e+01
3.491059599732206919e+01
2.995073705285386012e+01
6.909817290263640643e+01
8.482489352060855481e+01
6.568313250007355464e+01
2.093502991398590751e+01
5.658757729142109127e+01
1.855134569602066463e+01
1.307653991588627207e+01
1.190944492337172456e+01
6.851324144816723560e+01
2.596362735007896205e+01
1.187463048292802981e+01
6.482273009861005164e+01
1.948645096999749171e+01
4.065968033028302386e+01
5.527445994077260849e+01
7.210052691976783024e+01
2.461110926855337411e+01
1.511783894955379637e+01
6.354488551551762043e+01
9.219457832906752515e+01
6.102104571759703333e+01
3.812483474301669872e+01
7.331751757684928350e+01
5.811564946900306339e+00
1.176008253565365607e+02
5.950867888728589961e+00
2.341625591608523127e+00
3.880543413560958044e+01
1.079278474319450787e+01
8.441625048898153238e+01
8.188057919728107592e+00
1.992915470126570909e+01
2.041637485865121704e+01
4.009690715931396454e+01
3.475316842116372840e+01
5.233971491064810522e+01
6.175346189532803720e+01
6.737282258173016203e+01
4.982773857099693515e+01
1.909396497033951334e+01
1.215747821485616065e+01
5.687313470512628300e+01
9.160456259070724627e+01
3.649009961293339188e+01
3.248211154101976206e+01
5.759302250479599650e+01
8.663869474608442545e+01
9.824839132346353310e+00
6.248092687864531314e+01
2.861735461897268706e+01
4.605411693474245993e+01
3.134080872921357752e+01
1.341868121956599680e+02
8.173529824035068003e+00
2.353554903530940479e+01
8.373766414353501375e+01
5.606718519432693881e+01
6.575812102613451771e+01
2.862335140011706613e+01
2.548857346668451740e+01
5.247810782011910646e+01
3.796401439555217650e+01
2.957631113605635420e+01
1.466487882654249830e+01
1.894523794413559870e+01
1.024942826776761784e+01
1.738166077891650829e+01
1.020393938397779898e+01
6.220072551478134670e+01
5.900668211192019186e+01
1.689994900932181565e+01
1.502066634489949877e+02
2.094563294437990209e+01
4.927060606206480742e+01
3.837050166202106372e+00
7.607075032788770841e+01
2.477601434806689795e+01
4.860236657717928210e+01
1.672520199956741394e+01
3.639970268351634530e+01
3.350933343080918547e+01
1.936638187760344820e+01
1.884309372520216286e+01
6.367667650347177499e+01
7.771405061065648567e+01
4.728554365450244745e+01
3.152927914700473266e+01
6.186870120073239576e+01
2.765168296181779084e+01
7.868949379566322477e+01
3.117209606034120739e+01
5.116338706116674473e+01
1.221036288549626221e+02
2.634864645317889043e+01
1.202462871862486260e+01
5.279370721959321600e+01
5.968234889896201878e+01
5.816636904388265350e+01
1.297155526458207078e+02
2.578930408468066204e+01
9.233749005865009352e+00
1.344112539937189581e+02
1.606129069519263908e+01
1.109159662990938529e+02
5.139606612276614328e+01
3.484261338654114581e+01
7.905187450590490528e+01
9.655240760755299689e+00
2.311985532601608284e+01
1.480734445179746217e+01
7.772206452108025587e+01
8.040150556170413410e+00
2.632885072494095624e+01
3.858763420144830292e+01
6.213046517471382657e+01
2.988885781719591606e+01
4.791922642649453934e+01
1.259210840018953226e+00
1.258546340865746203e+02
1.072330664030941527e+01
7.187637458126980050e+01
6.242146635464013116e+01
3.781917595888786821e+01
7.044461426297874596e+01
4.945298353984993156e+01
1.819636400641134699e+01
1.837916349442203501e+00
6.455824680757140754e+01
5.424179499619283362e+00
1.035632238877703486e+02
1.532370057408803277e+01
4.516479789323803828e+01
7.304930695239487193e+01
5.575749106565348612e+00
3.259845544267766115e+01
1.578341124743587365e+01
2.045767982635320337e+01
8.026722017447838198e+01
2.548971229506598135e+01
1.061367990831026589e+02
5.213542916010401740e+01
2.776039098713978603e+01
1.070000876615997143e+01
6.166680154927043844e+01
1.509310946447284607e+01
1.359067704659134002e+01
5.908219202957590710e+01
6.256544133445392220e+01
3.845982304366668103e+01
1.462606137829240005e+01
3.298872074699611545e+01
1.169295897506958539e+02
2.308242218047704597e+01
2.202505850530963016e+01
7.903795134937885791e+01
2.108708359454812253e+01
3.487531376139281747e+01
1.584964869095433571e+01
5.013170847860072143e+01
7.894496955857792386e+01
2.633381148276730244e+01
3.967186202862874467e+01
8.904577765947850310e+01
4.953484972245844631e+01
1.195001744927230760e+02
1.096371457327760766e+02
1.223775965909690910e+01
2.689310209477815050e+01
3.815883044394622203e+01
7.550159722604043111e+01
1.460148805610930367e+01
5.166428611492579392e+01
4.600601474092997911e+00
2.294199636291849131e+01
9.643970127816867688e+00
5.094869356243361835e+01
6.708320608680912756e+01
3.171004164101116274e+01
6.142735337289195741e+01
7.332306040528190749e+01
5.270707377468552579e+01
7.281568993786250132e+01
1.070274852591651893e+02
1.004381170655123690e+01
3.098852005309272428e+01
4.393782299551774884e+01
2.089712216486004337e+01
3.008154135939398444e+01
1.213165612867897778e+02
1.313902036493920633e+01
4.576354488971877466e+00
7.393018417971161682e+01
5.024441902711961916e+01
5.787572215343584503e+01
5.434092673539876728e+01
1.999079917129724393e+01
2.558980853652369092e+01
9.570901996908393983e+01
6.681251605916822989e+00
1.917650969214327716e+01
3.485570797821028322e+01
7.473196746708028115e+01
2.309370074516678528e+01
6.756786869734399659e+01
1.564591753725653511e+01
8.455145902715479167e+01
2.901470110321461959e+01
1.277850056667301359e+01
2.225672673235584043e+01
3.326203399254129778e+01
5.950151859806381083e+01
7.833469633617298200e+01
3.270758276447351420e+01
4.392839258241060207e+01
5.568481738045169216e+00
2.010228816442462971e+02
4.911701870994510699e+01
1.293986439589359350e+02
5.440374161746715487e+01
1.503427681665484350e+01
1.020688869292456680e+01
1.102431992023444174e+01
2.239451176712078961e+01
3.383479727762937017e+01
4.729227570456516361e+01
4.794668917894758664e+01
2.848349279652493848e+01
4.997695040468050820e+01
5.457841902948155166e+01
3.062126254604388009e+01
1.110598040034920508e+01
2.796135076040290457e+01
1.564131765236514582e+01
8.747090721023516835e+01
8.517416939928547492e+01
4.754518862676112434e+01
3.759855753153378544e+01
1.530818683539992264e+01
9.927707099366688936e+00
4.807546597362173912e+01
5.041560858448436733e+01
3.520181475337291488e+01
3.617423377275429175e+01
2.396819271956915998e+01
1.983914650454818940e+01
4.867706202247397140e-01
2.931397737872211096e+01
1.854020923151946931e+01
2.175241344206335015e+01
1.278760232722871848e+01
3.079678991231753216e+01
2.613606011102697835e+01
1.170418658711539308e+02
3.917212524786975791e+01
7.003689832270892168e+01
6.654677238115149862e+01
1.316301183289276651e+02
9.865161921230088637e+01
2.745526766352483961e+01
7.231948584569094862e+01
4.921315521715939667e+01
3.527730447370765177e+01
2.648422512811945850e+01
4.631602696194838131e+01
4.884866917942525788e+01
3.168980793115671091e+01
1.025152462952832622e+02
6.901559314355240815e+01
6.508342186266536089e+01
3.570379741533425744e+01
9.883385341461740836e+01
3.499535169511373667e+00
2.029108768076535796e+01
7.346015302940780600e+01
1.568223910146750022e+01
3.042598571276755592e+01
8.685393821888962407e+01
6.380424644966035430e+01
6.540652853878671635e+01
1.964118793314986178e+01
1.608059488280994387e+01
3.993808403834340481e+01
9.080641052368569888e+00
1.276647290572282678e+01
3.317736132110125880e+01
4.503560285708841371e-01
2.637344810199399703e+00
8.653468767612491774e+01
1.126238933008854737e+01
3.585586289116410796e+01
2.618213031375323752e+01
6.754968084324912070e+01
7.631830703608362398e+01
2.437030852422488891e+01
8.879324516118531108e+01
3.642148868911969117e+01
4.147620484472196978e+01
1.041654749097269672e+01
1.890324065072452697e+01
1.242839715889310099e+02
2.951876455112750719e+01
2.038533088861720088e+01
2.325190207743425219e+01
6.987540100275408861e+01
6.045081343406151575e+01
1.468884655510328763e+01
3.071758915639388476e+01
2.214963744874898310e+01
4.539326229511315347e+01
8.205601592301370317e+01
5.181596942685721352e+00
3.727309019721281658e+01
4.188848884641711123e+01
2.987817278520153508e+01
6.963235513654646525e+01
7.643369174403593647e+00
1.681732420206853718e+01
2.979414724492141175e+01
1.058827483945625261e+02
1.073233576206383688e+01
1.747189887974378664e+01
4.090219073519864423e+01
7.099298581515094497e+01
2.016532142170398334e+00
7.106621789621125629e+01
1.752295151789506633e+01
2.125286268258974687e+01
1.970672764588370818e+00
4.934643892668832876e+01
3.539436322473478214e+01
5.369023403809886474e+01
1.042317646214477200e+01
3.609085211962405282e+01
2.604977195063821416e+00
7.770958968410874945e+01
1.009381996347740085e+01
4.637486484285159349e+01
9.114471738689421443e+01
3.553396298115804086e+01
2.199235494580674910e+01
5.799761128968550139e+01
4.435301472062480599e+01
3.165601807578482507e+01
3.031568816946013101e+01
1.780629461977610717e+01
7.118456958289065994e+00
2.326568412715094070e+01
5.342172979947151390e+01
1.236798888071541747e+01
9.076513721885052632e+01
2.757027225349557042e+01
1.654962427126496749e+01
7.780057124083647579e+01
6.641895329443148910e+01
1.945856338682522590e+01
4.325625341851650774e+01
2.538328952692197404e+01
3.414220166610238749e+01
8.899613470078433863e+01
1.410381488493173663e+01
5.730886553829068220e+01
6.405039907787207198e+01
5.262770204260022666e+01
5.767018544342074193e+01
1.899749486090304629e+01
8.778748830573771045e+01
2.558701975383371874e+01
4.396612476552984816e+01
2.300042509840410787e+02
3.272467851051600718e+01
4.912931541757171772e+01
1.845459495192039867e+01
2.026781305599444849e+01
3.831153862339120053e+01
1.359135533497054382e+01
3.744408339563815247e+01
5.987898972381758256e+01
1.954861336200880473e+01
5.181808365297053598e+01
8.823238424199972840e+00
1.449430121195984356e+01
9.778762800849058578e+00
7.359188744368455559e+01
9.888755151163185531e+01
1.038975042065826102e+02
5.690932193665662275e+00
4.086556450654016004e+01
1.128411831992370606e+00
1.231729942273617695e+01
8.802437545124223561e+01
7.148561131676365221e+01
2.747307286318196429e+00
8.869108279522120597e+01
7.104301526109783538e+01
2.602613137153890932e+01
3.391625472353639736e+01
4.635976431640706608e+01
5.121149900082042450e+01
4.578693854343880076e+01
4.245023609401295772e+01
5.295137625278831450e+01
4.998369365011890153e+01
3.588554674595067695e+01
3.834428615812991126e+01
1.581455657064448950e+01
1.267546830179608186e+01
3.424990923452290303e+01
2.054570271804985993e+01
7.303982149719567474e+01
6.788268836567472420e+01
1.159617489115148103e+01
3.201350430213910414e+01
9.345500614286535779e+00
3.427105045734411704e+01
2.789586082314115956e+01
3.752754040206381347e+01
1.245306258439630298e+01
1.630032681036900044e+01
1.753723146884528816e+01
8.290447258989409818e+01
1.479124190055536303e+01
2.969535754236239811e+01
5.964393871750513654e+01
9.198508564094288431e+01
6.265156990797057546e+01
4.743726905693315388e+01
5.820310587134316194e+01
6.803934168101415025e+01
4.759927502959805423e+01
2.002454226981981478e+01
7.614589565225742263e+01
2.729035736884491570e+01
6.494829147411660131e+01
2.117657139711285907e+01
5.020125099876122654e+00
8.078225494880524593e+01
4.473129306526571014e+01
