2.530782039993325938e+01
3.403860228828412104e+00
2.164629833495717914e+00
5.197291944212760306e+00
1.547598359565856718e+01
2.028396373841304623e+01
2.622799760735133390e+01
1.236830637480259654e+01
4.711153566223953426e+00
4.122575492044642687e+00
1.650862824618395397e+00
5.651914719083134031e+00
2.451183359541942153e+01
9.009737984754501383e+00
9.183733583073207640e+00
3.833768920670615810e+00
7.419887083040364928e+00
3.887736064335531978e+02
3.377642042168278635e+01
3.563711563666966242e+01
1.064381393503702711e+01
1.150767945074499465e+01
4.721265736011835301e+00
1.200872585175778262e+01
1.655880131097538177e+00
2.500708229433159602e+01
2.644371301529310880e+00
9.893968644256746714e+00
2.950674247006883988e+01
3.488549715034835685e+00
1.201281033132710480e-01
2.201253603491360522e+01
1.192649133302989384e+01
1.826796360928082663e+01
1.539076020624018604e+01
3.103354421735751600e+00
6.917773621223972214e+00
9.226449228945776682e+00
2.528989413412207732e+00
5.453065767758756621e+00
1.233962478703517540e+01
5.393508661512618652e+00
4.177652205005239949e+01
9.406419226716291604e+00
5.062588014645791112e+00
2.053012158994938119e+01
4.460211498232560245e+00
9.598215516198870034e+00
5.619099837757215887e+00
3.921600623219050163e+01
9.273971045363714083e+00
1.522437544869529757e+00
3.967332365176628350e+00
1.315539763001115636e+00
1.325373937780052414e+00
2.793336540625099929e+02
2.335103782434264197e+00
4.065836931493698181e+00
3.786869938294048943e+00
8.852936301462988045e-01
1.085569512751543186e+01
2.040762202093225064e-01
5.480205870737221652e+00
7.895683017152545169e+00
1.256505500062779390e+01
2.020271834409586020e+01
1.467650976611125380e+01
5.622125720453198028e+00
7.356657903378210683e+00
3.898864177099773087e+01
2.805432971379289242e+01
4.490360193804843192e+00
6.541397792503899744e+00
5.374699223511667512e+00
3.267791405077779388e+01
4.224354261717476966e+00
6.075966314189779283e+00
7.034238605236592612e+00
3.769701478598186384e+00
1.296017276893163483e+01
1.914739593485759528e+01
1.942183364822762925e+01
9.865959230876729436e+00
4.140148162421867006e+00
9.138660716550026208e+00
1.182520490629409160e+01
5.844854838026330768e+00
3.847304862738695874e+00
6.649288215146929026e+00
1.560904366902494367e+01
1.031461380798682370e+01
1.201201190455469536e+01
8.168388905461673843e+00
7.659170814279436357e+00
1.112594855929350324e+01
1.202933798512319186e+01
8.959575906469204654e+00
5.153476533351879496e+00
6.737191253073782526e+00
1.060072689535904011e+01
2.395420680720138140e+00
1.602062440090587714e+01
2.226963960947244558e+01
2.080138133687628255e+01
1.941989099564923604e+00
2.674889324757241127e+01
7.051752548653437147e-01
2.064741078559870768e+00
7.988300987744932691e+00
1.490871371527102518e+01
1.907486279046932465e+00
4.314323007293699996e-01
2.417010447623627378e+00
5.939985866789468716e+00
1.754142673664370733e+01
4.569528298818422485e+00
7.840636380901247371e+00
6.120580043203303511e+00
1.862989389794045270e+00
3.049656860312788353e+01
1.612934015112154640e+01
8.694952338867096842e+00
2.362944423202305089e+01
9.934808018056431322e+00
3.005874663325455387e+00
1.267948150955195352e+01
3.295776011868925881e+00
9.720463290138976475e-01
2.650600937214021791e+00
4.506935760809406943e+00
1.771233733435226654e+01
5.603095129302595012e+01
7.335776613662957635e-01
9.797711215853373901e+00
5.818080275929939482e+00
6.785637608784092834e+00
1.636452051221791493e+01
9.737913398387878061e+00
1.673691591137407642e+01
4.040637338469464268e+00
1.086221464461545949e+01
9.044868176173782359e+00
7.997819328716190945e+00
4.793956125688422887e+00
1.123926021036125888e+01
8.407150123102141492e+00
6.274117101919712169e+00
2.938862537760452032e+00
4.154881553646593062e+00
1.574023494481277474e+01
2.811879114867343432e+00
2.336245823414885692e+01
6.239681859664367281e+00
7.555330786045528768e+00
2.117879028268056629e+01
3.797554484415437859e+00
1.888962672265266463e+01
5.096742997554376764e+00
1.439344390203394219e+01
1.005940361066426014e+01
2.040199620716279139e+00
3.308314876581440078e+00
4.514420922280159232e+00
8.026436299942526276e+00
1.982979079724115579e+00
1.798128018116599725e+00
3.198813148191481304e+01
2.526143210896633207e+01
1.335324544514272027e+01
3.121752226241656381e+00
1.410419308032897767e+01
1.031633123571904598e+01
1.166726937875639081e+01
6.814994338177593924e+00
5.547297596994900104e+00
4.659529119426952803e+00
9.099394128596786757e+00
1.912419422271008074e+01
1.520075057014978626e+01
1.813665954847721906e+01
2.190980071475352009e+00
1.268055995291822668e+00
1.307367566971535133e+01
6.371646411852039726e+00
9.785013801663101418e+00
1.046924000253010867e+01
3.015223512940145412e+01
5.909501890107986988e+00
1.157438872629831694e+00
1.608335957952371942e+01
1.193063719411224533e+01
2.062700783660888959e+01
7.103866948203990894e+00
9.047760745401871585e-01
2.159778636691440568e+01
2.082961980290522153e+00
6.668382310456077988e+00
4.839932432861773215e+00
8.761632242788321534e+00
6.050337733870714274e+00
1.561837568812393551e+00
1.385370015626994622e+01
1.269513655563446530e+00
9.948548589568050105e+00
1.298615347937123765e+01
5.938040117030570286e+01
4.367355212712476487e+01
3.585281158056772277e+00
4.276362032607820396e+01
6.297141301087782495e+01
3.418667992099883257e+00
1.152393108309349934e+01
1.838065291343093710e+00
8.238412836987343724e+00
4.844018822646395606e+00
1.369350827434056761e+01
2.004271381184840273e+00
1.235590831454263672e+01
2.483884867934341045e+00
7.970955228411948035e+00
1.780927175555099495e+01
7.589321972237703662e+00
3.856202985839763731e+00
1.298690118241503733e+01
4.872354574944393057e+00
7.036758411364156984e+01
1.268485276282995322e+01
1.324362138145578704e+01
4.304233260179564091e+00
9.820562760979958838e+00
2.545576594439227680e+00
1.628965598760874656e+01
7.627913362981927570e+00
1.786541934129935427e+01
3.214679738153185973e+00
2.613041660867326499e+01
1.615485041505028008e+01
2.423802241793584855e+01
1.206906723146087712e+00
5.681156047511510820e+00
9.320861482154660038e+00
6.300664279683124924e+00
4.391450870177898480e+00
1.977845069190761507e+01
1.827851621756831335e+01
8.058902703270781842e+00
1.104545101059127532e+01
2.265767855965958866e+00
2.488544453151927627e+01
3.869267666016751317e+00
1.725395323576379880e+01
1.691186748431803055e+00
2.745551340346811031e+01
9.822654478770536102e+00
8.461375111781302749e+00
1.448176868132665085e+01
6.669737617894146098e+00
1.619973076823483638e+01
1.370754512747750553e+01
7.653743756410765764e-01
1.592868000885839663e+01
2.548307196153113807e+01
1.355044842945248362e+01
5.438247596649317117e+00
2.300991636608011870e+00
1.374834956207100722e+00
7.575326927920936093e+00
2.339742480262125568e+01
9.331931293175017572e+00
1.892198064594747109e+01
8.283754998067109909e+00
6.160739727619811701e-01
1.181286086124248946e+01
2.308029566417766798e+00
1.358590242422357930e+00
5.159754006727750308e+00
1.257820207602524576e+01
5.722575012454126586e+00
6.390213256673242803e+00
6.732206903256052044e+01
9.127226193238138663e+00
6.686805715642514691e+00
4.755656647851096430e+00
3.423591142803103171e+00
3.779585921142260219e+01
7.336435430891890874e+00
2.189511951461674322e+00
9.642606147932999860e+00
3.281589693136914399e+00
2.626170054659241515e+01
1.127973329752456522e+01
1.703171175980500962e+01
7.567198950409882663e+00
1.698888940334815345e+01
1.234198834996380789e+01
1.064436340631139721e+01
1.114205237076197896e+01
1.679535099527012676e+01
1.129035089497192956e+01
4.882148417275407049e+00
1.033585884586875459e+01
9.238168369666043489e+00
6.480523044686540501e+00
3.917864338778568101e+00
3.845895021715265649e+00
7.035730298562890894e+00
4.857573472770451595e+00
4.686957010999956985e+00
5.404546415071271426e+00
9.723763979051893713e+00
9.350332551468442333e+00
9.595986630527647554e-01
1.170330096640229023e+01
1.249861639066670804e+01
1.052142054845358032e+01
2.613090190100500010e+01
4.527944814461598355e+00
5.931712901127646376e+00
2.514213252378325159e+00
8.695244532482242050e+00
1.108379967779185371e+01
1.045370087112080348e+01
2.205137280329995164e+01
1.181916136194226219e+01
1.772802970110791021e+00
2.307279420479412835e+01
7.823916250409280337e+01
2.224197069381299841e+01
6.894720701287782028e+00
3.986610325957619327e+00
4.855737942015339925e+00
2.886846364487630545e+00
1.044325563893248976e+01
3.803770105892469111e+00
1.169763495767678663e+01
1.051690243154115123e+01
4.465834737015955902e+00
3.275920920348751508e+01
3.692347379710644617e+01
3.252919882706971322e+01
9.419672697967524044e+00
3.341537843593714197e+00
1.021579425017624221e+00
1.841357880519139556e+01
2.646191518856184643e+01
5.235999773396568635e+00
4.180818985689622735e+00
1.401294890762072032e-01
4.821940270119157823e+00
4.774298222116650336e+00
3.401462759047612305e+00
2.800737134425604324e+01
2.197906724684739643e+01
1.907220036310275901e+01
1.509238922230686164e+01
9.776589810099590494e+00
1.370020225276205039e+01
2.730880924427241396e+01
2.048919614152863033e+01
5.442638653522026715e+01
6.060115130619894153e+00
1.662642786898185321e+01
5.587191551995259076e+00
7.437832079227089110e+00
1.152201698573464839e+01
2.082863311779020066e+01
1.355496613843376252e+01
2.574890890065947513e+00
1.357722321519429975e+01
8.751157592776364069e+00
5.621869542235926609e+00
6.268903467185420020e+00
3.786979982359858887e+00
2.018895577169286071e+01
5.756177584497368827e+00
1.663616804476393440e+01
9.531703653629131523e+00
4.809404723747668697e+01
2.934289051272582682e+01
6.853567259595754635e+00
3.975947655268705638e+00
9.117501265546289702e+00
1.035289041431214230e+01
3.188018818132768573e+01
5.057988542735090576e+00
1.496018725920169601e+01
1.346324450500004666e+01
1.084670398543156278e+00
1.825501178510257461e+01
5.825756172823922663e-01
7.994950655776197346e-01
8.230721577633019592e+00
2.800596543964108065e+00
9.098663000310819982e+00
5.360475734000027970e+00
1.279359496262984308e+01
1.142305164844889553e+01
3.197015328790566713e+01
6.182113053384340873e+01
8.987521968385031812e+00
8.393986409589493380e-01
1.151159798912974175e+01
1.254989706705411301e+01
1.572151887964226269e+01
7.021756939632014749e+00
9.484863566020855508e-02
1.102570722601483233e+01
3.608300898285307312e+01
4.189574720398155705e+00
3.735682458600461775e+00
5.733828620881891602e+00
4.084027336668398789e+00
9.420991227621524189e+00
1.036741954782328357e+01
5.764542360368907659e+00
2.257269956914078435e+01
1.786764533858339110e+00
1.257641366756630674e+01
3.101642791928138632e+00
1.738112740688423941e+01
9.534904354022770701e-01
2.340423051552716238e+00
3.178335398611913831e+00
4.421943038893733302e+01
6.044468029887443805e+00
2.836016149632729189e+00
1.064347677165724271e+01
7.771259260943262248e+00
1.203168095242459934e+01
7.203950904578973358e+00
3.271287436510599278e+00
9.287946206715774622e+01
2.187856807600352393e+00
1.398598184983613457e+01
1.295379322345481476e+01
2.363416405677293497e+00
6.159360526592381291e+01
8.474135847606223848e+00
4.318908471512690639e+00
1.707590587912737234e+01
1.055849503766315856e+01
6.528821837638493442e+00
5.498945092407065083e+00
1.252254985049964908e+01
6.321897608655748790e+00
5.592302747288778519e+00
1.993967505634537174e+00
1.358280286765427114e+01
7.946781732967945544e+00
1.790319843867424598e+00
1.047042461812923797e+01
1.007799338831622826e+01
9.592257705039752835e+00
3.164867633631222588e-01
5.801307676317761342e+00
1.437666098118295999e+01
6.601920220967998354e+00
1.588723019230867273e+01
4.031702613906928967e+00
3.948551385162156890e+01
7.174796356663644126e+00
5.015586115562886249e+00
1.672208630584134426e+01
6.388370551759183336e+00
6.464876274612637808e+00
1.976657997691407687e+01
2.245849240789342716e+01
1.656431637746808683e+00
2.879329690216065329e-01
1.434664166356259329e+01
2.428621680219698487e+00
8.546981389383788041e+00
4.797090252748742456e-01
1.016899151862326045e+00
2.749922319343860888e+00
8.633897684942898110e+00
1.761095812131893590e+00
1.034919105480636858e+01
2.962613192982151844e+01
7.744599875334033712e+00
9.902062861612098033e+00
2.121287355807985442e+00
1.612523685297479048e+01
1.100808586482033391e+00
1.533313228978561540e+02
1.061771405045002226e+01
3.265041787748046431e+01
1.276665738662586946e+01
7.757907797624598700e+00
9.626240192790613825e-01
5.455065094378770851e+00
4.173745663368738867e+00
1.708903722670569536e+01
6.783359628975822453e-01
8.738550009378533545e+00
2.632853799596799504e+01
3.608685356666576638e+00
1.095695823152551185e+01
1.070175347248598419e+00
9.758692733506274308e+00
2.687722885635337011e+00
9.343285391615593127e+00
5.388158388981160840e+00
9.380900152534330516e+00
3.207034873906520200e+00
1.469507014352167396e+01
1.209020574120745373e+01
1.353476019866642233e+01
2.082539099400442595e+01
1.124773850365927608e+01
4.400125071920283126e+00
9.940413035938702180e-01
5.227597353631973753e+00
2.598924707223848607e+00
1.605285699586959481e+03
5.505433787654364863e+00
5.218352716042451434e+00
4.863121409052502564e+00
9.347917467716323259e+00
2.442421590658626407e+00
8.853541075657229698e+00
1.394977884795367018e+01
1.550565958945254330e+01
4.467904066492618398e+00
2.763673353695588375e+01
2.055198217594233867e+01
1.618767467806108939e+01
1.777683437848132542e+01
1.121600488931632356e+01
3.084570977058124441e+01
3.643529452879597130e+01
5.094752296515939527e+00
2.709095905477048305e+01
1.371732319413824897e+01
6.593015777150254664e+00
1.487697222250335294e+00
2.110056398435216973e+00
5.100746487016721842e-01
4.274531200252402741e+00
3.256895548726496337e+00
2.861581050184953678e+00
2.147531591113412741e+00
6.618087520269138935e+00
5.410615404200917133e+00
1.940024727599267917e+00
1.205053206375389330e+01
1.323381766909397150e+01
1.512244671349699843e+01
1.864216240073217179e+01
3.643699312693246206e+00
1.968136924652331254e+00
8.027208974789791895e+00
2.356394372179138230e+01
1.042098399609003501e+01
1.976424278527698775e+01
8.819997542549600666e+00
4.643169846861474603e+00
1.980860383663749058e+00
1.055050808609397528e+01
2.847792871580993790e+01
1.013070156395339083e+01
6.892201398039916604e+00
7.795029739030447935e+00
1.079597439970013006e+01
6.102348394466773129e+00
5.005898163857069427e+00
3.962144962482334165e+00
1.934703639490732741e+01
7.787044305813195066e+00
2.837881369896122052e+00
4.442809292095575735e+00
1.153225508947700817e+01
9.527186666166908680e+00
7.442069280061265779e+00
7.760779136325691496e+00
1.128770682640393019e+01
3.104741166792830498e+01
1.109804521534099209e+01
7.256624589119633484e+00
2.210875325540681757e+01
6.652859047124860759e+00
8.347337352983434045e+00
3.197902614483786365e+01
3.932224512355323220e+00
1.382724157159283873e+00
1.845055075963965407e+01
2.610838394048177857e+00
1.102161992732455609e+01
6.155140931376621438e+00
7.288134265737894246e+00
1.146984582746443238e+01
2.452545668007825697e+00
7.811817716894271513e+00
4.856563955860965898e+00
1.334702220602894007e+00
4.662936687648380207e+00
5.960015537885015036e+00
3.305877354801447954e+00
1.088743952799449843e+01
2.121322107156485559e-01
1.943296649905945372e+01
1.183656370038951700e+01
1.615476088333760885e+01
1.368355397809124163e+01
1.948544843908987545e+01
3.602939442238217715e+00
2.571384150794629875e+01
1.297749569119327262e+01
1.837120841000630733e+01
1.121291127247699393e+01
7.223268875608704676e+00
3.735569429691072418e+00
1.351713794455329953e+01
1.429775508316861554e+01
7.338853317025743728e+00
7.208244750616330521e-01
1.068426858833812076e+01
9.781152006251456754e+00
2.247194772761354287e+01
2.771572536285616284e+00
7.457505856301339942e-02
5.610833419949300627e+00
9.534191683267854600e+00
9.767695382682491712e+00
1.019038906063920003e+01
8.947248516620414094e+00
3.210047610474020541e+00
4.901843377036986249e-01
3.910740705032337949e+00
2.963985671683331802e+01
1.301283366936338304e+01
8.981537819218619489e+00
2.459392681455362606e+00
8.125285058298496565e+00
6.309875847174390096e+00
1.053261931603181800e+01
8.954163577507623373e+00
2.734919371563166024e+01
8.336736160334087486e+00
1.965399980431395122e+01
5.417554906664297398e+00
2.711225692904110929e+01
1.670648347802718447e+01
1.278929362831837002e+00
1.859562190848552277e+01
3.238466155773458421e+00
7.477101205181048726e+01
3.066400953052684120e+00
8.467230478434110807e+00
1.838691703486067031e+00
1.155461680968507743e+01
5.903819049537829322e+00
8.501105157882962615e+00
3.284757444551051009e+00
5.437469929721252981e+00
5.212471755551005259e+01
3.617841808391485170e+00
1.178209017069638431e+00
1.687730764887394930e+00
3.279256111331253010e+01
8.235876383057396666e+00
1.646036955083409836e+01
1.139532180981089837e+01
1.444733222616549817e+01
2.504110578969240830e+00
1.022065101683697685e+00
3.892895736001899643e+00
3.957069757635815144e+00
2.508237285435125941e+01
6.868369151220689695e+00
6.968661878601480453e+00
4.685389177399680527e+00
8.840368252182932096e+00
1.999539632460805194e+01
8.276971862529355350e-01
2.829992379917561962e+01
3.665940748768982793e+00
5.684366184324752602e+00
4.375878475894576347e+00
2.775676844953437694e+01
9.186204119551691916e-01
4.344379490963619084e+00
1.996884501688866997e+00
3.947880901573231238e+00
2.418112811447812405e+01
1.571894954927721777e+01
3.239731915311357113e+01
1.143918858919378323e+01
3.312579644211292251e+00
7.836772271761407449e-01
1.163412443934661411e+01
9.795267603699279180e-01
2.060879925247694544e+01
2.305316898491872735e+01
3.505414284500460553e+01
6.165701933140304902e+00
4.005096956800723085e+00
1.375915669761798732e+01
5.749018473877922197e+00
3.407999107318966825e+00
4.062273296729451921e+00
7.858985971505515478e-01
2.539750400768814131e+01
1.815165774665173615e+01
8.461279206165965405e+00
3.504396688676278870e+01
3.194731829428256731e+00
1.672030444647657532e+01
5.440267713439887132e+00
1.143336527382799517e+01
1.520407128050143442e+01
2.257673266758273734e+00
1.522577152126462963e+01
9.324610060255575927e-01
7.753487013161655561e+00
1.159199133507889723e+00
2.278273090453406979e+01
1.247546977542706159e+01
7.801453101908556675e+00
3.828879676424544698e+01
1.240050047600370320e+01
2.368981758338313259e+00
5.250445422842673793e+00
7.969702917977754097e+00
0.000000000000000000e+00
3.059801096055041825e+01
8.686628891863801982e+01
4.379535405687783545e+00
1.357969581191146080e+00
5.984246722283680792e-02
8.246202980774858915e+00
5.463667419198475983e+00
1.118485454635081844e+01
2.674588276838779421e+01
1.570853885015765172e+01
9.382310265138804617e-01
9.346931506399281275e+00
8.399987262305899094e+00
2.026358946650557713e-01
1.517494915558935453e+01
8.698519088356081452e-01
1.329042078047602971e+01
4.406927940177783332e-01
1.198559354101108809e+01
9.250576237400714996e-01
1.975563509636510062e+01
1.720135640303475988e+00
1.086377377757906260e+01
2.969678423228489805e+01
4.107500969602710938e+00
7.131930570079977549e+00
5.471502914759105884e+00
1.747888584314304827e+00
2.778208076613586819e+00
2.857566991464283035e+01
4.028473138688178068e+01
3.039803158621701140e+00
1.000868158382939654e+01
4.191800861340511553e+00
6.022630905422149183e+00
2.161274568081748626e+01
9.597510054793945145e+00
5.352796408054585342e+00
7.502518585924828010e+00
1.059794585404114864e+00
1.261374858375462082e+01
2.971641918237052948e+01
8.282542913455330336e+00
1.477370642934669354e+00
4.471663285623522555e+00
5.439881380255791044e+00
1.404276192746813656e+01
1.263039407708421935e+00
3.729146523544045189e-01
9.583840415628495535e+00
7.703298354502344125e+00
2.503617812900699846e+01
4.302737010387482353e-01
6.573217568799249122e+00
1.352909724674481851e+01
1.384142711342379428e+01
1.916450783310699890e+01
2.335424757268945584e+01
1.095461719379057364e+01
1.044776204766456118e+01
5.308076305457418265e+00
8.921188581528333827e+00
7.723959191907236566e+00
1.531396696020203452e+00
7.372621251838721079e+00
1.545207468062478462e+01
5.111085465727782662e+00
1.315288305688288695e+00
1.560715622045731976e+01
1.526734412212195302e+01
4.132896173404943418e+00
1.928803784785059250e+01
4.999945872512761014e+01
8.903895081162998437e+00
3.233914630011450964e+00
1.598142726942333702e+01
4.950056861157513310e+00
1.532219440535143695e+00
2.503730741760226586e+00
2.649763032981941047e-01
5.598249554093415625e+00
9.796292904468069551e+00
1.977566967451573632e+01
1.512508848628717040e+01
6.371077144456461783e-01
1.147356815365733240e+01
2.121155296014691494e-01
8.946895935991070914e+00
2.509223743940463791e+01
1.041925713442556223e+01
1.234651993312998108e+01
9.011193012091882792e+01
1.426282503796396917e+01
1.607381028507158049e+01
7.523216720765419474e+00
1.887334040419662129e+00
3.290521532690174222e+00
6.528933755255398097e+00
2.784534879649865502e+01
3.920238214946258459e+00
3.097884172768780253e+00
9.964514100464580082e+00
2.882987463433343223e+00
3.961860981400822368e+01
3.565923846912320005e+00
2.375374996704074260e+00
5.393393991859342762e+00
6.993171909571734624e+00
8.103843602694920989e+00
4.347728532248685163e+00
7.891922238578171545e+00
1.456935870318279491e+01
7.099604318519387114e+00
1.024106141833225081e+01
3.238457489581711002e+01
3.022776534197890186e+01
4.557766746335532915e+00
1.585637189229636945e+01
1.014390798418392947e+01
1.091672719247475598e+01
1.194311705499411858e+01
3.130565786771422054e-01
1.215437774545211802e+01
3.025072391058494681e+00
3.030957320872553140e+01
3.015153358853089216e+00
6.827785340110378520e+00
2.066319358883109025e+00
2.241273453210463273e+01
2.022238090380713516e+01
9.716480879941157056e+00
5.718071016912596782e+00
3.786720210234968675e+01
3.729567647943241582e+01
1.356966278827514083e+00
3.127038720068113165e+01
1.667608573851483555e+01
1.147047722907335832e+01
8.640999080266622556e+00
6.503683705725966657e-01
5.059162572613374209e+00
2.345856002223258407e+00
1.239434534952820854e+01
9.048578397493876935e+00
8.123831060733859744e+00
3.618382223805016729e+00
1.471215573110779218e+01
2.449701813345679469e+01
7.488613221380875373e+00
7.455493658856727102e+00
5.934177711941867273e+00
1.117252206733839692e+01
2.232699908990739601e+01
1.540257216984479349e+01
3.528999796161665703e+00
3.088218197923048081e+00
7.334133403294623044e+00
2.841182656645676730e+01
1.848557025920990915e+00
8.336423863399831546e+00
3.943861479783501434e-01
4.073780522346269350e+01
1.158275763463911545e+01
1.426231145550776347e+00
1.219627035152574557e+01
3.739600658690982904e+00
7.371017321062232952e+00
1.654484756049312111e+01
7.451614133550475749e+00
3.393656052573359894e+00
1.860938939185126628e+01
5.260252337932965538e+00
1.486267626793496888e+01
9.265566979509355150e+00
1.422737359084179154e+01
7.985131858319592268e+00
4.773919545081774629e+00
6.294876513382448913e+00
7.178707293958936475e+00
2.821396042406179916e+00
4.036445590968685160e+00
1.130241121300246121e+01
9.858440106934899250e-01
3.325313447802689382e+01
6.122213098840829204e+00
1.235260590580111817e+01
2.970078060103261564e+01
9.214379385830541835e+00
2.317679093822602621e+00
1.086053354814240368e+00
8.850079136923067580e+00
6.820873948982472790e+00
8.848996674056735401e+00
4.361585055555692314e+00
1.441915324862472580e+01
2.055018183183722869e+00
4.870873485104813483e+01
2.127057538545351179e+00
2.380829636382241432e+00
3.783775502037805438e+00
1.132222742325928344e+01
6.471426644786773430e+00
8.557247527234002504e+00
1.218033463544795225e+01
4.227928499910278859e+00
2.924061483595408628e+00
8.154100511262235562e-02
2.112567513129351582e+01
8.745580738985152536e+00
8.321796067951007458e+00
2.965130384643420491e+00
1.695423072199651315e+01
1.332219612854143520e+01
1.253676424602834771e+01
9.931659568477511080e-01
5.685580938175339050e+00
3.774142067185166649e+00
1.017222588077249412e+00
3.742450098177863538e+01
2.251167638249969372e+01
8.409872483088628670e+00
1.710303592511863613e+01
1.525128825993888171e+01
4.335599913915324954e+00
2.350131122985591503e+01
6.537538418911558402e+00
1.195486873249658366e+01
2.181582700894188598e+00
7.198805537499257667e+00
1.198591654719946398e+01
1.496142244736236293e+01
1.368029059038339490e+00
3.258845582195193202e+01
3.198537715071815057e+00
2.252640633451841623e+00
1.608278074461013452e+00
2.634896888515789470e+01
1.772433066183468142e+01
1.475558766329416116e+01
6.816418404606980896e-01
5.327710448099638008e+00
1.531282820950880819e+01
1.117153665227449899e+01
6.982130006639029318e+01
2.638318516681743553e+00
1.349423142769131978e+01
1.660048098068406031e+00
1.749679083510073596e+01
1.419427600063123052e+01
2.373697662202436387e+00
6.273477440115415860e+00
7.477503731260308761e+00
1.056633412501297364e+01
7.438692073114958170e+00
3.642860669452704148e+00
5.310782237520395910e+00
3.958998794851284142e+00
5.394249595984316414e+00
8.270312692324300885e-01
1.239331551332524839e+01
1.233033966063324627e+01
2.116987124377670781e+01
4.776778114888934335e-01
5.808257100446195809e-01
1.189283793418922386e+01
3.285858210976505767e+00
1.693353669467629530e+01
2.516894432006415272e+00
2.804236894367131416e+00
4.120490442256804720e+00
2.716047669034931999e+00
1.267898668992940259e+01
2.321045206154425955e+02
1.695447068428365966e+01
1.683347352681663622e+01
1.548904042289354521e+01
3.522886395925835523e-01
3.648923866809566618e+01
1.359297220425218500e+00
1.783385299657614720e+00
3.823948477645099597e+00
5.691584855890838845e+00
4.368879720697287361e+00
1.951342155612249840e+01
1.241525888505501563e+01
1.414321143399158842e+01
1.763948759331906535e+00
5.485259375430733719e+00
6.116595680262340018e+00
1.720923471598741150e+00
5.526794867517633492e+00
4.291398105828776721e+01
2.691398432735859103e+00
1.284561182311708016e+00
1.374137660044633691e+01
3.767086097557994151e+01
9.457318315083895754e+00
1.812684377893072352e+01
7.837679097212366663e+00
8.465962796846028482e+00
1.232251530098206871e+01
9.624356615747510446e+00
2.636107370664174709e+01
7.998887510067962836e+00
3.289365260028464188e+00
1.500923643767813731e+00
9.996567979743575805e-01
3.410862304324342897e+00
3.600902895592257380e+01
1.108936885863873734e+01
1.634155269018170031e+01
3.692162775619606663e+01
7.905882571381083190e-01
3.267706950974111901e-01
4.652213874688792572e+01
6.706047655660399620e+00
6.578569471537275781e+00
1.489600254712919236e+00
9.897726117897523324e+00
1.096945430641756403e+01
6.197320686809127288e+00
6.225629842971764027e+00
9.004128412328180175e+00
2.974019973892083613e+00
2.370478492045407037e+01
4.268001225872299464e+00
8.481663292700044821e+00
6.331773984811868594e+00
7.435032207201627052e+00
3.181202110088950707e+00
5.427150923349540967e+00
4.132304806538254383e+00
8.480210599760636114e+01
8.858148992209226691e+00
1.090234353466657780e+01
1.927549270679291382e+01
9.549389784046985241e+00
1.142199229095926505e+01
1.736984392521821974e+01
8.731098500850825062e+00
1.200670325137590453e+03
2.451875227952588432e+01
2.309754669369909408e+01
7.122917135141423550e+00
3.229968984515769392e+01
3.289188648738900600e+00
1.997801753026354277e+01
2.246335515049446485e+01
8.459679889669702746e+00
1.385647897520834704e+01
1.112768587668283127e+00
3.556522784270481630e+00
1.029644008206266825e+01
7.488121307596076193e+00
2.348027036379212262e+01
9.522282910434300973e+00
3.503465581007091600e+00
4.208679273448535874e+00
1.711096586924287166e+01
1.751472470785868651e+01
4.523446409061530282e+00
1.540020540340214872e+01
3.779230666955922802e-01
9.156662204512139525e+00
6.441347651711092581e+00
5.066169455008274980e+00
1.975338989112477606e+01
2.008017747411235732e+00
7.627513673200467803e-01
2.002277380580231636e+01
2.372107900492793675e+01
2.444826913395461787e+01
9.334617826126747175e+00
9.236182039492840445e+00
4.098941177985275885e+01
7.181675508493012394e+00
3.602972105900314403e+01
3.105565213597601737e+00
1.653792689999212939e+01
1.472601473529477190e+01
1.647596558622322505e+01
3.721561490146132467e+00
3.659186407139585206e-01
1.912329029707350259e+01
5.324630809254435881e+00
1.133879288949042108e+00
2.327833346493529465e+00
2.425915732135565506e+01
1.021599899114243115e+01
4.168327850230702580e+01
1.051977702153381244e+01
3.675508585602365486e+00
1.580744538169931213e+00
5.563624004488144870e+00
1.726502235693851972e+01
1.159014083022337216e+00
2.789324302769982111e+01
2.385923421274905110e+01
1.817985178616675412e+01
3.535122643058495839e+01
9.446061190440710575e+00
2.488139941377389519e+01
6.956341134315055186e+00
5.640941795792143720e-01
1.036728831625488212e+01
4.793234802037027009e+00
4.609724496551417161e+01
1.026708583142311859e+01
2.002140269198670275e+00
4.200586784598866252e+00
3.052284285822451437e+01
1.875388765431574356e+01
1.555829737474399188e+01
1.873973574291806665e+00
1.492824171941708578e+01
4.010042826517486958e+01
5.805481823958429377e-01
1.151987423918562747e+01
2.011156761290109429e+01
1.541280932940680337e+01
4.436948746861355097e+00
7.851314348571253987e+00
1.890829118785867990e+01
1.967098994460603878e+00
1.181065137557172484e+01
2.536822704823970209e+00
3.514398359798746263e+00
1.711980829073078070e+01
2.108156587299147589e+01
9.277340544813020173e+00
1.853865593108662724e+00
1.489958309152005889e+00
1.390031685745791279e+01
9.671914847440735485e+00
1.524954021055321007e+01
9.993703812659684438e-01
2.686289935105765636e+01
3.481387060142336765e+01
8.719206954027622913e+00
1.617648244815112690e+01
2.932476027726131473e+00
8.013910966171243544e+00
1.795638582354383317e+01
1.604922835688277161e+01
2.237334412641708070e+00
2.925375156190270332e+00
1.115624258151839321e+01
2.944067853395285184e+01
1.089843355199781882e+01
3.879569743419616135e+00
6.538566591194238775e+00
5.709471641831121325e+00
1.953884903433574394e+01
3.893901954998805426e+00
7.958916973694148567e+01
6.118192176031281626e+00
5.393968349796135264e+00
5.158619314083909835e+00
4.397480866616652939e+00
6.557682752266702941e+00
7.043880018522317599e+00
6.929516933106108389e+00
5.473753115892905363e+00
1.321015877659819893e+01
5.873634889203098730e+00
1.592449340379785694e-01
2.887247856971906224e+00
1.494899570825500401e+00
8.916247785687936300e+00
1.215377359085167441e+01
1.064810217477243093e+01
1.091952843425886321e+01
1.792665789489968375e+01
2.069945861062046077e+01
2.708484067396400974e+01
6.034223457637501120e+00
3.887512566044969642e+00
1.245271191396258637e+01
5.808271578032158544e+00
4.127126337250539567e-01
1.958576882719054169e+00
1.373248970039960959e+01
2.336644727486489259e+01
2.676454096092505708e+01
3.427427454087413672e+00
3.049478704942269580e+00
1.252191330922729218e-01
2.664616197911763962e+00
1.634384980813284471e+01
6.766313615452843044e-02
1.401833690984647518e+01
2.624721340067813102e+01
1.796267726620640204e+01
2.293926758608557215e+00
6.603966689760862430e+00
1.008984736399085449e+02
2.114021520460264814e+00
5.486477721653849393e+00
2.410250754181640698e+00
3.532818177198405962e+00
2.307794771578457826e+01
5.169864894904726782e+00
1.302930541123239117e+01
2.375322539679570522e+00
2.860812092110641025e+00
6.074350645782977409e+01
1.378539579295640394e+01
8.552156667886626207e-02
8.948397442292267412e-01
8.343804033904339335e+00
1.227072905504964240e+01
1.191527344269162902e-01
5.828752577949295244e+00
2.463312248572107777e+01
1.461410825651532797e+00
2.109939147280551808e+01
4.446435123193408501e+00
5.482730149734261538e+00
6.159420981476707802e+00
4.611510398665221722e+00
9.471201327440692097e+00
7.564762276836897392e+00
5.431422799092300302e+00
3.249094023703788192e+00
3.219668113798387310e+01
4.116748456269168521e+00
1.144513858281416141e+01
2.343709497399584674e+00
9.137347490838827468e+00
1.123680415377602770e+01
4.149583110359709615e+00
2.211223722779091627e+00
1.862576231513345171e+00
5.598652663774960070e-01
5.071419233209947031e+00
3.484162966681047635e+00
2.264525737168156638e+00
2.437683117259643595e+00
8.154470343069774030e-01
2.710815552058095079e+01
1.145244763801252752e+01
2.399267032102083519e+01
2.134011190773087208e+00
1.029875008001759262e+01
1.207061092779444067e+01
3.188564730431007632e+00
9.320058283293571222e+00
2.441289937128061638e+01
2.913281293758789303e+00
7.201551898904362536e-01
2.772073430291583929e+00
4.625661783015924122e+00
2.853653707999884404e+01
7.370037318436252205e-01
1.306024907838575277e+00
1.560830420932524554e+01
1.807272232393223632e+01
6.131571496614308669e-01
3.207809280055336387e+00
7.721462877680903780e+00
5.479919024430046193e+00
7.404390234698190021e+00
3.601602667315170692e+01
8.560241141481752081e+00
1.518196788719844426e+00
3.528898987778972707e+00
7.649476716042678426e+00
1.229950694600698213e+01
4.553424514100288434e+01
1.263272197079915671e+01
1.110341739967261887e+01
7.027475329924863345e+00
1.924933220054850125e+01
1.811343327704873829e+01
6.239165478189225666e+01
1.432033638118759811e+01
7.348700899999330183e+00
1.386017242174820474e+01
2.553552610315215432e+01
1.670775629856447564e+00
2.638634115981389883e+01
2.293953784272809493e+00
1.879635139893344942e+01
7.857511653780660765e+01
1.020287392666122228e+00
1.772516660442337244e+00
1.507195096398382894e+01
3.746660966262493009e+00
2.585307374501526922e+00
8.630032810484248529e+00
1.294413123698150514e+01
1.531715710189204138e+01
3.241901813900105367e+01
9.057921666735269994e+00
7.338421781913352149e+00
2.226623633664886803e+00
2.146768093266306110e+01
5.368593187136911915e+00
1.791502319925242670e+00
1.279695272430678621e+01
1.581809598256899996e+01
2.326387853514591875e+00
7.000872244452716053e+00
1.179506073913769271e+01
9.967591809669752223e+00
4.141594374411103274e+01
1.964166881324338698e+00
2.875496857277753726e+00
1.829870548811572917e+01
1.825640080553226241e+01
1.034070785421318206e+01
1.448228181326138042e+01
6.201834601154653015e+00
7.985083755920320492e+00
2.807701249914607189e+01
7.132436041652966630e+00
8.465543703172667023e+00
7.342212742443757101e+00
9.178816907790202650e-01
4.203267563365814752e+00
1.376540060911341889e+01
4.717014314534417885e+00
1.218321238226668379e+00
1.084305995757030239e+01
4.693153545124363113e+00
9.307455364904258843e+00
1.755607466178914677e+01
5.546332069726332037e+01
2.784184650105877790e+00
1.993922797898838972e+00
6.190636456824893941e+00
1.151930240727088872e+01
1.713975956428281933e+01
1.102423480945481238e+01
8.134034144548769163e+00
9.798618138907768671e-01
3.282180996700763842e+01
1.562398223094850325e+00
3.216427341357256942e-01
1.879590228647461814e+01
1.887348298381038125e+00
7.906645999724914553e+00
1.577707371384640789e+00
9.061683385927061352e+00
3.880288819037288839e+00
2.111719538794687523e+01
1.543530872203955973e+01
5.993990904582249257e+00
8.301442739225143086e+00
3.027877787583891234e+01
9.053443499143249085e+00
6.463439248133671988e+00
3.502073648644414394e+00
1.027829440767996694e+01
1.646667993779068340e+01
1.594280128344424874e+01
3.816964833096486487e+00
3.942335958981972510e+01
2.960747854885791597e+01
1.959694996687630031e+00
6.395546969564597006e+00
9.902713443603625265e+00
8.418480098061483119e+00
6.541761464085546152e+00
3.745873160507282762e+01
1.861514164291840912e+00
8.291261699503651883e+00
1.167207382536308735e+01
5.060527053198827119e+00
9.833333512696176726e+00
6.366569880440816398e+00
5.240912703028196340e+00
1.589306179880693826e+01
4.477879779333076904e+00
4.558149956794569135e+00
2.819160063859292631e+00
3.626959409205604778e+00
7.973313596919356927e-01
3.747206977309160969e+00
1.225496234469336088e+00
3.634090847510047695e+01
2.635567642602506311e+01
6.605861750079911943e+00
2.960672970222526601e+01
1.753403142186398700e+00
1.656644664315988180e+01
6.279161618916777599e-01
1.391672942995841566e+01
2.138075756828254459e+00
4.177776625882388295e+00
4.955957807656944603e+00
3.766215601209023767e+00
3.890618321007986324e+00
1.797901416758400206e+00
2.306572527604041856e+00
6.618000120938194009e+00
2.851371562202874443e+01
4.294430031423333460e+00
9.936070900436396514e+00
7.098740335719215366e+00
9.400795606498055790e+00
4.451293589550928687e+01
5.853988963416404623e+00
7.182806860318010855e+00
5.263446792640695548e+01
7.032848132142603959e+00
3.959731502128556624e+00
1.541037089820793149e+01
4.225147957506517571e+01
1.330794281258111766e+01
1.760127928785176010e+01
5.490160186328334468e+00
2.907965650009801895e+00
2.488668501100625718e+01
3.536029186213578868e+00
3.114212059301014790e+01
1.396379756766770797e+01
3.133120054168154756e+00
1.962276631482148304e+01
2.131757708141098995e+00
5.429342753585551407e+00
5.260762335498971431e+00
1.941864951465843347e+01
6.934226142813205707e-01
1.257907126180950463e+01
2.241384513456204175e+01
1.909445661599680477e+01
1.235391908212090506e+01
1.138662554329401466e+01
2.200118881429855289e-01
2.327454281771816724e+01
2.545038437487835203e+00
7.503558897204702482e+00
4.369444815902034662e+01
1.408407615720971684e+01
6.771944613503413812e+00
7.057558921094713611e+00
2.213617582605765577e+00
2.032946159999087510e-01
6.194952212955576520e+00
1.637175221959661142e+00
3.077160724888327792e+01
2.063808031393544962e+00
7.934688586246163133e+00
2.065821790930310442e+01
1.609898052838989013e+00
6.099449809882264262e+00
5.999037156461285214e+00
7.071012059246138293e+00
1.286938298553775084e+01
1.056904900452300033e+01
1.430072585630802529e+01
3.814677857381516191e+01
4.197347279553234500e+00
3.106695074594041373e+00
5.857796194452062366e+01
3.500509002990684237e+00
3.972873373901749883e+00
9.290630886438576042e+00
6.231505966227618210e+00
6.398216708195145763e+00
1.360873972914703911e+00
1.053998138376477023e+01
4.305845081396424945e+01
1.106683927720989047e+01
5.587301434230512065e+00
8.397564499611766209e+00
7.477434656995650464e+00
1.851538670394389285e+01
2.589175598340647699e+00
2.527561152905773412e+01
1.167233640584183618e+01
3.569389426708111213e+00
3.682475993682423177e+00
2.100902941605144747e+01
4.233273527995280894e+00
1.744470165464323586e+01
1.582253455758550587e+01
3.950117966062084207e+00
5.490586918682113016e+00
2.916276562156581065e+01
2.301110383072658649e+01
1.520674587788354515e+00
1.234209789671666968e+01
6.014367616300650976e-01
1.861809853965929795e+00
1.719471413577060348e+00
6.187895201429719272e+00
2.691101115152782342e+01
7.566970711519037884e+00
7.475285643884611808e+00
7.762071402470685832e+00
2.841088596125634069e+01
2.257375616170932631e+01
1.398524294581415894e+01
3.257186750698379374e+00
2.527549772759609237e+00
1.513096630581596536e+01
9.399550197100063897e+00
3.700496617881325889e+00
1.980894101057346290e+01
1.179364351793209309e+00
4.756930167471464244e-01
6.915467492136536443e+00
2.190076424406718303e+01
5.087111285153777196e+00
1.358385566841275782e+01
8.726139247088918083e+00
5.503091354533147239e+00
2.382201774519717219e+01
1.162278013076117222e+00
4.085091446318219077e+00
5.988671879283454125e+00
9.307527489473239157e+00
9.293557334240428958e+00
1.704277043182931806e+01
1.427455446205384781e+00
2.051427743593389152e+01
4.981260691488104797e+00
3.483545979484369060e+00
5.846738781009134023e+00
1.129341199523814332e+01
1.123908487879526241e+01
2.489915661155756510e+01
2.794983202798893007e+00
5.718178250153970410e+00
1.153897322061164354e+00
9.027880989998098471e+01
1.342808499034531700e+01
2.840645773461116619e+01
4.956307145013447268e+00
5.878325610783495137e+00
2.591335931001012227e+00
3.764321186665308350e+00
3.720062794625616842e+00
3.079688038662359961e+00
1.622729904080255992e+01
8.493502105651513645e+00
1.017472744208245317e+01
4.231576507031124201e+00
1.391519660539866265e+01
2.833911566512857583e+00
1.270145970538438807e+00
7.703073000670837445e+00
2.196896652692326590e+00
2.275742604865638441e+01
2.473169555051223512e+01
2.606407968803571507e+01
1.945127361427959656e+01
5.486268862306210359e+00
2.590833780279497400e+00
6.304888852331509419e+00
2.012343358738674937e+01
9.016149076565024956e+00
4.183864730143015187e+00
7.164896436271860125e+00
1.605835976126309905e+00
1.171002429849442861e-01
6.777582534344354315e+00
4.396075249946549413e+00
8.450299752837663547e+00
2.490147605161923572e+00
7.373174641684418162e+00
4.482337806288436255e+00
2.227517773734907891e+01
1.474135785409049504e+01
1.903099079615543943e+01
3.718011019575508413e+01
2.065758591170282088e+01
1.285791408581171247e+01
7.504025372598455590e+00
7.013749241606602070e+00
4.395782028445538003e+00
2.431088805491001992e+01
4.247810191013667414e+00
6.390209514060319229e+00
7.843443796535704671e+00
9.094857841907840523e+00
1.617028862517648946e+01
6.216817812979569702e+00
4.275502934184515880e+01
4.259344264500469990e+00
1.051549344861067148e+01
2.847965158662828511e-01
8.616224086642166213e+00
1.323157590458400357e+01
3.922142633322459382e+00
8.066269269629275485e+00
1.189918744641546411e+01
6.906571795188061635e+00
2.452026156983683691e+01
5.646764480184086388e+00
3.264399490852856633e+00
7.588078462150122050e+00
7.769446453066424230e-01
4.956589709078713213e+00
1.162568995191787202e+01
4.573034168748599942e-02
9.337583629285939324e-01
5.119921683313758365e+01
2.113150753435609541e+00
1.227359640092480220e+01
8.656262100966454653e+00
7.943577965353072479e+00
1.568413492721866653e+01
1.013490872188527092e+01
1.362753181021719939e+01
5.824119285523531531e+00
6.633883695683335802e+00
1.432511077186449322e+00
4.399358279517138648e+00
2.037302153123477666e+01
3.540617239017055606e+00
8.983324308017591520e+00
5.219209572912950179e+00
1.215672231245753210e+01
5.332893868171149876e+01
4.321069181467325215e+00
1.262839308627444623e+01
8.696083438906574870e+00
6.530283102136462681e+00
1.554113892617506849e+02
8.298565263617228016e-01
1.537713694311979928e+01
1.506291297427909015e+01
1.153223752527470403e+01
3.479149571106958660e+01
7.479864973760134150e-01
2.910406222072027482e+00
2.495341589461390797e+01
1.875584935588285163e+01
8.792033989292674656e-01
4.117336065234701081e+00
1.926971642224930292e+01
1.066152066884265359e+01
2.883610388905223365e-01
1.187423709168402439e+02
4.277498640413888609e+00
4.442192542306106162e+00
2.839618328224999266e-01
6.244315206349840608e+00
7.903382355455801367e+00
2.372214992320958871e+01
2.818477087821881444e+00
1.045305773569291219e+01
5.157978027380425434e-01
1.034596425994282498e+01
1.614524969681551347e+00
3.286447834960649406e+00
1.667100266775008777e+01
1.072040084120786751e+01
9.145924463061927412e+00
5.419478989484971088e+00
7.341631741535179501e+00
9.538561608257197122e+00
3.525340276666776074e+00
3.212498588789583831e+00
1.576266303835163640e+00
4.619175203964575260e+00
9.056276853412361660e+00
3.336472536668985356e+00
6.213488530651432740e+01
2.127159079394144392e+00
4.400109700625352005e+00
7.384495449325276795e+00
5.607325331013277747e+01
7.419366693601387119e+00
6.755225787374955715e+00
2.824725599672899268e+00
3.214482124230530147e+00
1.638822119890919637e+01
5.546590003887488685e+00
1.069844341530352949e+01
1.553967447879942831e+01
2.233134046777960435e+01
1.012287904140165722e+02
3.542419790822371795e+00
2.188952191058178798e+01
3.827149132951960464e+00
1.372558658460822656e+01
8.608063873547909850e+01
6.650826647199085784e+00
8.141175609687962833e+00
5.172366701906137898e+00
1.757290037756363832e+00
9.002653406015019399e+00
2.339441627129297263e+00
8.400445472319432838e+00
1.979447511499872903e+01
4.018678298981907204e+00
1.915655097965887066e+01
2.029817208710605669e+00
1.583492968939358203e+00
2.302718535185221516e+00
1.864203343784490485e+01
1.211335986894892791e+01
1.399505633931885917e+01
1.192721343073712692e+00
1.813191073021430810e+01
2.389636667442533446e-01
1.710088416586282856e+00
9.732884818186239073e+00
1.120748721618400978e+01
3.459425543950240267e-01
9.535051616669838026e+00
2.767679309309509961e+01
9.228954459275254152e+00
2.519549129674804178e+01
1.566609457423727214e+01
1.008145495789075419e+01
1.344374962676229579e+01
1.768395883559752235e+01
5.129012504019361707e+00
1.041158256894414968e+01
1.440942099513938146e+01
5.852609971699557434e+00
2.934610349520735628e+00
2.345515269768619682e+00
3.931006325729848427e+00
2.638209577057083699e+00
1.242130485191742473e+01
5.799779800657886675e+00
7.669809874599865518e-01
1.198860913620637980e+01
9.438816218563250704e-01
6.902418889341199737e+00
3.243661908759089219e+00
3.182899240067907698e+01
1.386796519315913079e+00
6.199640001119774091e+00
5.400286562892787856e+00
1.029687654920861206e+01
4.026605212458423289e+00
5.163753619037511733e+00
1.362491887976005245e+01
2.271352207676716617e+01
6.021774565521121225e+00
1.829914374920370079e+01
1.032433768959090692e+01
4.544095701688500810e+01
2.314873809022587992e+01
4.077030224101652500e+00
9.030648648202046047e+00
8.640229552453723372e+00
3.041633891426852188e+01
8.152009681435393063e+00
3.527424424304713702e-01
1.102409478702146295e+01
6.546487799886366865e+00
